Feedback_Excitation	Feedback_Inhibition	Continuum_Step	bus_Size	rush_Size	Avg_Size
0.0	-0.15	0	0.0	0.0	0.0
0.0	-0.15	1	0.0	0.0	0.0
0.0	-0.15	2	0.0	0.0	0.0
0.0	-0.15	3	0.03792566	0.107999206	0.07296243
0.0	-0.15	4	0.0	0.0	0.0
0.0	-0.15	5	0.0	0.0	0.0
0.0	-0.15	6	0.0	0.0	0.0
0.0	-0.14	0	0.0	0.0	0.0
0.0	-0.14	1	0.0	0.0	0.0
0.0	-0.14	2	0.0	0.0	0.0
0.0	-0.14	3	0.032181323	0.092879	0.06253016
0.0	-0.14	4	0.0	0.0	0.0
0.0	-0.14	5	0.0	0.0	0.0
0.0	-0.14	6	0.0	0.0	0.0
0.0	-0.13	0	0.0	0.0	0.0
0.0	-0.13	1	0.0	0.0	0.0
0.0	-0.13	2	0.0	0.0	0.0
0.0	-0.13	3	0.027529001	0.07981095	0.053669974
0.0	-0.13	4	0.0	0.0	0.0
0.0	-0.13	5	0.0	0.0	0.0
0.0	-0.13	6	0.0	0.0	0.0
0.0	-0.12	0	0.0	0.0	0.0
0.0	-0.12	1	0.0	0.0	0.0
0.0	-0.12	2	0.0	0.0	0.0
0.0	-0.12	3	0.023655176	0.068461	0.04605809
0.0	-0.12	4	0.0	0.0	0.0
0.0	-0.12	5	0.0	0.0	0.0
0.0	-0.12	6	0.0	0.0	0.0
0.0	-0.11	0	0.0	0.0	0.0
0.0	-0.11	1	0.0	0.0	0.0
0.0	-0.11	2	0.0	0.0	0.0
0.0	-0.11	3	0.020366251	0.058549315	0.039457783
0.0	-0.11	4	0.0	0.0	0.0
0.0	-0.11	5	0.0	0.0	0.0
0.0	-0.11	6	0.0	0.0	0.0
0.0	-0.1	0	0.0	0.0	0.0
0.0	-0.1	1	0.0	0.0	0.0
0.0	-0.1	2	0.0	0.0	0.0
0.0	-0.1	3	0.01760751	0.049761266	0.033684388
0.0	-0.1	4	0.0	0.0	0.0
0.0	-0.1	5	0.0	0.0	0.0
0.0	-0.1	6	0.0	0.0	0.0
0.0	-0.09	0	0.0	0.0	0.0
0.0	-0.09	1	0.0	0.0	0.0
0.0	-0.09	2	0.0	0.0	0.0
0.0	-0.09	3	0.015170634	0.04196781	0.028569221
0.0	-0.09	4	0.0	0.0	0.0
0.0	-0.09	5	0.0	0.0	0.0
0.0	-0.09	6	0.0	0.0	0.0
0.0	-0.08	0	0.0	0.0	0.0
0.0	-0.08	1	0.0	0.0	0.0
0.0	-0.08	2	0.0	0.0	0.0
0.0	-0.08	3	0.013037801	0.035039544	0.024038672
0.0	-0.08	4	0.0	0.0	0.0
0.0	-0.08	5	0.0	0.0	0.0
0.0	-0.08	6	0.0	0.0	0.0
0.0	-0.07	0	0.0	0.0	0.0
0.0	-0.07	1	0.0	0.0	0.0
0.0	-0.07	2	0.0	0.0	0.0
0.0	-0.07	3	0.011043549	0.028862208	0.019952878
0.0	-0.07	4	0.0	0.0	0.0
0.0	-0.07	5	0.0	0.0	0.0
0.0	-0.07	6	0.0	0.0	0.0
0.0	-0.06	0	0.0	0.0	0.0
0.0	-0.06	1	0.0	0.0	0.0
0.0	-0.06	2	0.0	0.0	0.0
0.0	-0.06	3	0.009167314	0.023343623	0.016255468
0.0	-0.06	4	0.0	0.0	0.0
0.0	-0.06	5	0.0	0.0	0.0
0.0	-0.06	6	0.0	0.0	0.0
0.0	-0.05	0	0.0	0.0	0.0
0.0	-0.05	1	0.0	0.0	0.0
0.0	-0.05	2	0.0	0.0	0.0
0.0	-0.05	3	0.007406831	0.018398315	0.012902573
0.0	-0.05	4	0.0	0.0	0.0
0.0	-0.05	5	0.0	0.0	0.0
0.0	-0.05	6	0.0	0.0	0.0
0.0	-0.04	0	0.0	0.0	0.0
0.0	-0.04	1	0.0	0.0	0.0
0.0	-0.04	2	0.0	0.0	0.0
0.0	-0.04	3	0.0057389736	0.013941675	0.0098403245
0.0	-0.04	4	0.0	0.0	0.0
0.0	-0.04	5	0.0	0.0	0.0
0.0	-0.04	6	0.0	0.0	0.0
0.0	-0.03	0	0.0	0.0	0.0
0.0	-0.03	1	0.0	0.0	0.0
0.0	-0.03	2	0.0	0.0	0.0
0.0	-0.03	3	0.00415051	0.009916425	0.0070334673
0.0	-0.03	4	0.0	0.0	0.0
0.0	-0.03	5	0.0	0.0	0.0
0.0	-0.03	6	0.0	0.0	0.0
0.0	-0.02	0	0.0	0.0	0.0
0.0	-0.02	1	0.0	0.0	0.0
0.0	-0.02	2	0.0	0.0	0.0
0.0	-0.02	3	0.0026655197	0.006278336	0.004471928
0.0	-0.02	4	0.0	0.0	0.0
0.0	-0.02	5	0.0	0.0	0.0
0.0	-0.02	6	0.0	0.0	0.0
0.0	-0.01	0	0.0	0.0	0.0
0.0	-0.01	1	0.0	0.0	0.0
0.0	-0.01	2	0.0	0.0	0.0
0.0	-0.01	3	0.0012840033	0.0029855967	0.0021348
0.0	-0.01	4	0.0	0.0	0.0
0.0	-0.01	5	0.0	0.0	0.0
0.0	-0.01	6	0.0	0.0	0.0
0.0	0.0	0	0.0	0.0	0.0
0.0	0.0	1	0.0	0.0	0.0
0.0	0.0	2	0.0	0.0	0.0
0.0	0.0	3	0.0	0.0	0.0
0.0	0.0	4	0.0	0.0	0.0
0.0	0.0	5	0.0	0.0	0.0
0.0	0.0	6	0.0	0.0	0.0
0.01	-0.15	0	0.0	0.0	0.0
0.01	-0.15	1	0.0	0.0	0.0
0.01	-0.15	2	0.0	0.0	0.0
0.01	-0.15	3	0.041352987	0.11749831	0.07942565
0.01	-0.15	4	0.0	0.0	0.0
0.01	-0.15	5	0.0	0.0	0.0
0.01	-0.15	6	0.0	0.0	0.0
0.01	-0.14	0	0.0	0.0	0.0
0.01	-0.14	1	0.0	0.0	0.0
0.01	-0.14	2	0.0	0.0	0.0
0.01	-0.14	3	0.035073698	0.10121879	0.06814624
0.01	-0.14	4	0.0	0.0	0.0
0.01	-0.14	5	0.0	0.0	0.0
0.01	-0.14	6	0.0	0.0	0.0
0.01	-0.13	0	0.0	0.0	0.0
0.01	-0.13	1	0.0	0.0	0.0
0.01	-0.13	2	0.0	0.0	0.0
0.01	-0.13	3	0.03003484	0.08724937	0.058642104
0.01	-0.13	4	0.0	0.0	0.0
0.01	-0.13	5	0.0	0.0	0.0
0.01	-0.13	6	0.0	0.0	0.0
0.01	-0.12	0	0.0	0.0	0.0
0.01	-0.12	1	0.0	0.0	0.0
0.01	-0.12	2	0.0	0.0	0.0
0.01	-0.12	3	0.02586776	0.07514012	0.05050394
0.01	-0.12	4	0.0	0.0	0.0
0.01	-0.12	5	0.0	0.0	0.0
0.01	-0.12	6	0.0	0.0	0.0
0.01	-0.11	0	0.0	0.0	0.0
0.01	-0.11	1	0.0	0.0	0.0
0.01	-0.11	2	0.0	0.0	0.0
0.01	-0.11	3	0.022385359	0.064596	0.043490678
0.01	-0.11	4	0.0	0.0	0.0
0.01	-0.11	5	0.0	0.0	0.0
0.01	-0.11	6	0.0	0.0	0.0
0.01	-0.1	0	0.0	0.0	0.0
0.01	-0.1	1	0.0	0.0	0.0
0.01	-0.1	2	0.0	0.0	0.0
0.01	-0.1	3	0.019466758	0.05529031	0.037378535
0.01	-0.1	4	0.0	0.0	0.0
0.01	-0.1	5	0.0	0.0	0.0
0.01	-0.1	6	0.0	0.0	0.0
0.01	-0.09	0	0.0	0.0	0.0
0.01	-0.09	1	0.0	0.0	0.0
0.01	-0.09	2	0.0	0.0	0.0
0.01	-0.09	3	0.016900957	0.04703945	0.031970203
0.01	-0.09	4	0.0	0.0	0.0
0.01	-0.09	5	0.0	0.0	0.0
0.01	-0.09	6	0.0	0.0	0.0
0.01	-0.08	0	0.0	0.0	0.0
0.01	-0.08	1	0.0	0.0	0.0
0.01	-0.08	2	0.0	0.0	0.0
0.01	-0.08	3	0.014678657	0.039720386	0.027199522
0.01	-0.08	4	0.0	0.0	0.0
0.01	-0.08	5	0.0	0.0	0.0
0.01	-0.08	6	0.0	0.0	0.0
0.01	-0.07	0	0.0	0.0	0.0
0.01	-0.07	1	0.0	0.0	0.0
0.01	-0.07	2	0.0	0.0	0.0
0.01	-0.07	3	0.012624025	0.03320229	0.022913158
0.01	-0.07	4	0.0	0.0	0.0
0.01	-0.07	5	0.0	0.0	0.0
0.01	-0.07	6	0.0	0.0	0.0
0.01	-0.06	0	0.0	0.0	0.0
0.01	-0.06	1	0.0	0.0	0.0
0.01	-0.06	2	0.0	0.0	0.0
0.01	-0.06	3	0.010689378	0.027378023	0.0190337
0.01	-0.06	4	0.0	0.0	0.0
0.01	-0.06	5	0.0	0.0	0.0
0.01	-0.06	6	0.0	0.0	0.0
0.01	-0.05	0	0.0	0.0	0.0
0.01	-0.05	1	0.0	0.0	0.0
0.01	-0.05	2	0.0	0.0	0.0
0.01	-0.05	3	0.00887382	0.022171527	0.015522674
0.01	-0.05	4	0.0	0.0	0.0
0.01	-0.05	5	0.0	0.0	0.0
0.01	-0.05	6	0.0	0.0	0.0
0.01	-0.04	0	0.0	0.0	0.0
0.01	-0.04	1	0.0	0.0	0.0
0.01	-0.04	2	0.0	0.0	0.0
0.01	-0.04	3	0.0071620345	0.017487824	0.012324929
0.01	-0.04	4	0.0	0.0	0.0
0.01	-0.04	5	0.0	0.0	0.0
0.01	-0.04	6	0.0	0.0	0.0
0.01	-0.03	0	0.0	0.0	0.0
0.01	-0.03	1	0.0	0.0	0.0
0.01	-0.03	2	0.0	0.0	0.0
0.01	-0.03	3	0.0055220723	0.013257444	0.009389758
0.01	-0.03	4	0.0	0.0	0.0
0.01	-0.03	5	0.0	0.0	0.0
0.01	-0.03	6	0.0	0.0	0.0
0.01	-0.02	0	0.0	0.0	0.0
0.01	-0.02	1	0.0	0.0	0.0
0.01	-0.02	2	0.0	0.0	0.0
0.01	-0.02	3	0.0039851665	0.0094359815	0.006710574
0.01	-0.02	4	0.0	0.0	0.0
0.01	-0.02	5	0.0	0.0	0.0
0.01	-0.02	6	0.0	0.0	0.0
0.01	-0.01	0	0.0	0.0	0.0
0.01	-0.01	1	0.0	0.0	0.0
0.01	-0.01	2	0.0	0.0	0.0
0.01	-0.01	3	0.0025572777	0.005978793	0.0042680353
0.01	-0.01	4	0.0	0.0	0.0
0.01	-0.01	5	0.0	0.0	0.0
0.01	-0.01	6	0.0	0.0	0.0
0.01	0.0	0	0.051222827	-0.015069246	0.01807679
0.01	0.0	1	0.05805554	-0.035356343	0.011349598
0.01	0.0	2	0.07028393	-0.044563413	0.012860257
0.01	0.0	3	0.002599299	0.0049566925	0.0037779957
0.01	0.0	4	-0.048538625	0.07334467	0.0124030225
0.01	0.0	5	-0.0402233	0.062179737	0.010978218
0.01	0.0	6	-0.035225153	0.04460325	0.004689049
0.02	-0.15	0	0.0	0.0	0.0
0.02	-0.15	1	0.0	0.0	0.0
0.02	-0.15	2	0.0	0.0	0.0
0.02	-0.15	3	0.04491651	0.12722275	0.08606963
0.02	-0.15	4	0.0	0.0	0.0
0.02	-0.15	5	0.0	0.0	0.0
0.02	-0.15	6	0.0	0.0	0.0
0.02	-0.14	0	0.0	0.0	0.0
0.02	-0.14	1	0.0	0.0	0.0
0.02	-0.14	2	0.0	0.0	0.0
0.02	-0.14	3	0.038061738	0.10970625	0.073883995
0.02	-0.14	4	0.0	0.0	0.0
0.02	-0.14	5	0.0	0.0	0.0
0.02	-0.14	6	0.0	0.0	0.0
0.02	-0.13	0	0.0	0.0	0.0
0.02	-0.13	1	0.0	0.0	0.0
0.02	-0.13	2	0.0	0.0	0.0
0.02	-0.13	3	0.03259778	0.09479353	0.063695654
0.02	-0.13	4	0.0	0.0	0.0
0.02	-0.13	5	0.0	0.0	0.0
0.02	-0.13	6	0.0	0.0	0.0
0.02	-0.12	0	0.0	0.0	0.0
0.02	-0.12	1	0.0	0.0	0.0
0.02	-0.12	2	0.0	0.0	0.0
0.02	-0.12	3	0.028122663	0.081898004	0.055010334
0.02	-0.12	4	0.0	0.0	0.0
0.02	-0.12	5	0.0	0.0	0.0
0.02	-0.12	6	0.0	0.0	0.0
0.02	-0.11	0	0.0	0.0	0.0
0.02	-0.11	1	0.0	0.0	0.0
0.02	-0.11	2	0.0	0.0	0.0
0.02	-0.11	3	0.024443507	0.07068804	0.047565773
0.02	-0.11	4	0.0	0.0	0.0
0.02	-0.11	5	0.0	0.0	0.0
0.02	-0.11	6	0.0	0.0	0.0
0.02	-0.1	0	0.0	0.0	0.0
0.02	-0.1	1	0.0	0.0	0.0
0.02	-0.1	2	0.0	0.0	0.0
0.02	-0.1	3	0.021342337	0.06085655	0.041099444
0.02	-0.1	4	0.0	0.0	0.0
0.02	-0.1	5	0.0	0.0	0.0
0.02	-0.1	6	0.0	0.0	0.0
0.02	-0.09	0	0.0	0.0	0.0
0.02	-0.09	1	0.0	0.0	0.0
0.02	-0.09	2	0.0	0.0	0.0
0.02	-0.09	3	0.018642485	0.05214432	0.035393402
0.02	-0.09	4	0.0	0.0	0.0
0.02	-0.09	5	0.0	0.0	0.0
0.02	-0.09	6	0.0	0.0	0.0
0.02	-0.08	0	0.0	0.0	0.0
0.02	-0.08	1	0.0	0.0	0.0
0.02	-0.08	2	0.0	0.0	0.0
0.02	-0.08	3	0.016321182	0.04442811	0.030374646
0.02	-0.08	4	0.0	0.0	0.0
0.02	-0.08	5	0.0	0.0	0.0
0.02	-0.08	6	0.0	0.0	0.0
0.02	-0.07	0	0.0	0.0	0.0
0.02	-0.07	1	0.0	0.0	0.0
0.02	-0.07	2	0.0	0.0	0.0
0.02	-0.07	3	0.014203906	0.037560433	0.02588217
0.02	-0.07	4	0.0	0.0	0.0
0.02	-0.07	5	0.0	0.0	0.0
0.02	-0.07	6	0.0	0.0	0.0
0.02	-0.06	0	0.0	0.0	0.0
0.02	-0.06	1	0.0	0.0	0.0
0.02	-0.06	2	0.0	0.0	0.0
0.02	-0.06	3	0.012203395	0.031431347	0.021817371
0.02	-0.06	4	0.0	0.0	0.0
0.02	-0.06	5	0.0	0.0	0.0
0.02	-0.06	6	0.0	0.0	0.0
0.02	-0.05	0	0.0	0.0	0.0
0.02	-0.05	1	0.0	0.0	0.0
0.02	-0.05	2	0.0	0.0	0.0
0.02	-0.05	3	0.010329843	0.025952876	0.01814136
0.02	-0.05	4	0.0	0.0	0.0
0.02	-0.05	5	0.0	0.0	0.0
0.02	-0.05	6	0.0	0.0	0.0
0.02	-0.04	0	0.0	0.0	0.0
0.02	-0.04	1	0.0	0.0	0.0
0.02	-0.04	2	0.0	0.0	0.0
0.02	-0.04	3	0.008567333	0.02103883	0.014803082
0.02	-0.04	4	0.0	0.0	0.0
0.02	-0.04	5	0.0	0.0	0.0
0.02	-0.04	6	0.0	0.0	0.0
0.02	-0.03	0	0.0	0.0	0.0
0.02	-0.03	1	0.0	0.0	0.0
0.02	-0.03	2	0.0	0.0	0.0
0.02	-0.03	3	0.00688082	0.016602278	0.011741549
0.02	-0.03	4	0.0	0.0	0.0
0.02	-0.03	5	0.0	0.0	0.0
0.02	-0.03	6	0.0	0.0	0.0
0.02	-0.02	0	0.0	0.0	0.0
0.02	-0.02	1	0.0	0.0	0.0
0.02	-0.02	2	0.0	0.0	0.0
0.02	-0.02	3	0.0052922964	0.012595683	0.00894399
0.02	-0.02	4	0.0	0.0	0.0
0.02	-0.02	5	0.0	0.0	0.0
0.02	-0.02	6	0.0	0.0	0.0
0.02	-0.01	0	0.0	0.0	0.0
0.02	-0.01	1	0.016951865	0.0	0.008475932
0.02	-0.01	2	0.053664055	0.0	0.026832027
0.02	-0.01	3	0.0038152933	0.009266913	0.006541103
0.02	-0.01	4	0.0	0.06447835	0.032239176
0.02	-0.01	5	0.0	0.03278892	0.01639446
0.02	-0.01	6	0.0	0.0	0.0
0.02	0.0	0	0.09969997	-0.032672048	0.03351396
0.02	0.0	1	0.10943883	-0.06908101	0.02017891
0.02	0.0	2	0.12940256	-0.08638179	0.021510385
0.02	0.0	3	0.005262375	0.009636611	0.007449493
0.02	0.0	4	-0.092717886	0.13397142	0.020626768
0.02	0.0	5	-0.07827103	0.11508693	0.018407948
0.02	0.0	6	-0.07021022	0.08458617	0.0071879774
0.03	-0.15	0	0.0	0.0	0.0
0.03	-0.15	1	0.0	0.0	0.0
0.03	-0.15	2	0.0	0.0	0.0
0.03	-0.15	3	0.048593163	0.13713786	0.09286551
0.03	-0.15	4	0.0	0.0	0.0
0.03	-0.15	5	0.0	0.0	0.0
0.03	-0.15	6	0.0	0.0	0.0
0.03	-0.14	0	0.0	0.0	0.0
0.03	-0.14	1	0.0	0.0	0.0
0.03	-0.14	2	0.0	0.0	0.0
0.03	-0.14	3	0.041118562	0.11834109	0.079729825
0.03	-0.14	4	0.0	0.0	0.0
0.03	-0.14	5	0.0	0.0	0.0
0.03	-0.14	6	0.0	0.0	0.0
0.03	-0.13	0	0.0	0.0	0.0
0.03	-0.13	1	0.0	0.0	0.0
0.03	-0.13	2	0.0	0.0	0.0
0.03	-0.13	3	0.035203576	0.10241997	0.068811774
0.03	-0.13	4	0.0	0.0	0.0
0.03	-0.13	5	0.0	0.0	0.0
0.03	-0.13	6	0.0	0.0	0.0
0.03	-0.12	0	0.0	0.0	0.0
0.03	-0.12	1	0.0	0.0	0.0
0.03	-0.12	2	0.0	0.0	0.0
0.03	-0.12	3	0.030409038	0.08871257	0.059560806
0.03	-0.12	4	0.0	0.0	0.0
0.03	-0.12	5	0.0	0.0	0.0
0.03	-0.12	6	0.0	0.0	0.0
0.03	-0.11	0	0.0	0.0	0.0
0.03	-0.11	1	0.0	0.0	0.0
0.03	-0.11	2	0.0	0.0	0.0
0.03	-0.11	3	0.026516795	0.0768331	0.051674947
0.03	-0.11	4	0.0	0.0	0.0
0.03	-0.11	5	0.0	0.0	0.0
0.03	-0.11	6	0.0	0.0	0.0
0.03	-0.1	0	0.0	0.0	0.0
0.03	-0.1	1	0.0	0.0	0.0
0.03	-0.1	2	0.0	0.0	0.0
0.03	-0.1	3	0.023222387	0.06644696	0.044834673
0.03	-0.1	4	0.0	0.0	0.0
0.03	-0.1	5	0.0	0.0	0.0
0.03	-0.1	6	0.0	0.0	0.0
0.03	-0.09	0	0.0	0.0	0.0
0.03	-0.09	1	0.0	0.0	0.0
0.03	-0.09	2	0.0	0.0	0.0
0.03	-0.09	3	0.020390987	0.057269603	0.038830295
0.03	-0.09	4	0.0	0.0	0.0
0.03	-0.09	5	0.0	0.0	0.0
0.03	-0.09	6	0.0	0.0	0.0
0.03	-0.08	0	0.0	0.0	0.0
0.03	-0.08	1	0.0	0.0	0.0
0.03	-0.08	2	0.0	0.0	0.0
0.03	-0.08	3	0.01795739	0.04914549	0.03355144
0.03	-0.08	4	0.0	0.0	0.0
0.03	-0.08	5	0.0	0.0	0.0
0.03	-0.08	6	0.0	0.0	0.0
0.03	-0.07	0	0.0	0.0	0.0
0.03	-0.07	1	0.0	0.0	0.0
0.03	-0.07	2	0.0	0.0	0.0
0.03	-0.07	3	0.015773475	0.04192573	0.028849602
0.03	-0.07	4	0.0	0.0	0.0
0.03	-0.07	5	0.0	0.0	0.0
0.03	-0.07	6	0.0	0.0	0.0
0.03	-0.06	0	0.0	0.0	0.0
0.03	-0.06	1	0.0	0.0	0.0
0.03	-0.06	2	0.0	0.0	0.0
0.03	-0.06	3	0.01370573	0.035489112	0.024597421
0.03	-0.06	4	0.0	0.0	0.0
0.03	-0.06	5	0.0	0.0	0.0
0.03	-0.06	6	0.0	0.0	0.0
0.03	-0.05	0	0.0	0.0	0.0
0.03	-0.05	1	0.0	0.0	0.0
0.03	-0.05	2	0.0	0.0	0.0
0.03	-0.05	3	0.011772454	0.029735833	0.020754144
0.03	-0.05	4	0.0	0.0	0.0
0.03	-0.05	5	0.0	0.0	0.0
0.03	-0.05	6	0.0	0.0	0.0
0.03	-0.04	0	0.0	0.0	0.0
0.03	-0.04	1	0.0	0.0	0.0
0.03	-0.04	2	0.0	0.0	0.0
0.03	-0.04	3	0.0099563	0.024585217	0.017270759
0.03	-0.04	4	0.0	0.0	0.0
0.03	-0.04	5	0.0	0.0	0.0
0.03	-0.04	6	0.0	0.0	0.0
0.03	-0.03	0	0.0	0.0	0.0
0.03	-0.03	1	0.0	0.0	0.0
0.03	-0.03	2	0.0	0.0	0.0
0.03	-0.03	3	0.008223593	0.01994288	0.014083236
0.03	-0.03	4	0.0	0.0	0.0
0.03	-0.03	5	0.0	0.0	0.0
0.03	-0.03	6	0.0	0.0	0.0
0.03	-0.02	0	0.0	0.0	0.0
0.03	-0.02	1	0.0	0.0	0.0
0.03	-0.02	2	0.029859036	0.0	0.014929518
0.03	-0.02	3	0.006584525	0.015749425	0.011166975
0.03	-0.02	4	0.0	0.05746326	0.02873163
0.03	-0.02	5	0.0	0.0068064523	0.0034032261
0.03	-0.02	6	0.0	0.0	0.0
0.03	-0.01	0	0.039938577	0.0	0.019969288
0.03	-0.01	1	0.06975277	0.0	0.034876384
0.03	-0.01	2	0.11406542	-0.0077341795	0.053165622
0.03	-0.01	3	0.005044341	0.015365124	0.010204732
0.03	-0.01	4	-0.020264208	0.12957682	0.054656304
0.03	-0.01	5	0.0	0.09168815	0.045844074
0.03	-0.01	6	0.0	0.02625768	0.01312884
0.03	0.0	0	0.14592616	-0.055121362	0.0454024
0.03	0.0	1	0.15599447	-0.10149306	0.027250707
0.03	0.0	2	0.18133841	-0.12622488	0.02755677
0.03	0.0	3	0.00803417	0.014034927	0.011034548
0.03	0.0	4	-0.1323731	0.1839899	0.025808401
0.03	0.0	5	-0.114613116	0.1601251	0.022755995
0.03	0.0	6	-0.104066074	0.11996033	0.007947128
0.04	-0.15	0	0.0	0.0	0.0
0.04	-0.15	1	0.0	0.0	0.0
0.04	-0.15	2	0.0	0.0	0.0
0.04	-0.15	3	0.05238551	0.14725879	0.09982215
0.04	-0.15	4	0.0	0.0	0.0
0.04	-0.15	5	0.0	0.0	0.0
0.04	-0.15	6	0.0	0.0	0.0
0.04	-0.14	0	0.0	0.0	0.0
0.04	-0.14	1	0.0	0.0	0.0
0.04	-0.14	2	0.0	0.0	0.0
0.04	-0.14	3	0.04423964	0.12707302	0.08565633
0.04	-0.14	4	0.0	0.0	0.0
0.04	-0.14	5	0.0	0.0	0.0
0.04	-0.14	6	0.0	0.0	0.0
0.04	-0.13	0	0.0	0.0	0.0
0.04	-0.13	1	0.0	0.0	0.0
0.04	-0.13	2	0.0	0.0	0.0
0.04	-0.13	3	0.037838697	0.110090524	0.07396461
0.04	-0.13	4	0.0	0.0	0.0
0.04	-0.13	5	0.0	0.0	0.0
0.04	-0.13	6	0.0	0.0	0.0
0.04	-0.12	0	0.0	0.0	0.0
0.04	-0.12	1	0.0	0.0	0.0
0.04	-0.12	2	0.0	0.0	0.0
0.04	-0.12	3	0.032739818	0.09556463	0.064152226
0.04	-0.12	4	0.0	0.0	0.0
0.04	-0.12	5	0.0	0.0	0.0
0.04	-0.12	6	0.0	0.0	0.0
0.04	-0.11	0	0.0	0.0	0.0
0.04	-0.11	1	0.0	0.0	0.0
0.04	-0.11	2	0.0	0.0	0.0
0.04	-0.11	3	0.028607845	0.08300084	0.055804342
0.04	-0.11	4	0.0	0.0	0.0
0.04	-0.11	5	0.0	0.0	0.0
0.04	-0.11	6	0.0	0.0	0.0
0.04	-0.1	0	0.0	0.0	0.0
0.04	-0.1	1	0.0	0.0	0.0
0.04	-0.1	2	0.0	0.0	0.0
0.04	-0.1	3	0.025108457	0.07205346	0.04858096
0.04	-0.1	4	0.0	0.0	0.0
0.04	-0.1	5	0.0	0.0	0.0
0.04	-0.1	6	0.0	0.0	0.0
0.04	-0.09	0	0.0	0.0	0.0
0.04	-0.09	1	0.0	0.0	0.0
0.04	-0.09	2	0.0	0.0	0.0
0.04	-0.09	3	0.02214545	0.062402993	0.04227422
0.04	-0.09	4	0.0	0.0	0.0
0.04	-0.09	5	0.0	0.0	0.0
0.04	-0.09	6	0.0	0.0	0.0
0.04	-0.08	0	0.0	0.0	0.0
0.04	-0.08	1	0.0	0.0	0.0
0.04	-0.08	2	0.0	0.0	0.0
0.04	-0.08	3	0.019579232	0.05386105	0.03672014
0.04	-0.08	4	0.0	0.0	0.0
0.04	-0.08	5	0.0	0.0	0.0
0.04	-0.08	6	0.0	0.0	0.0
0.04	-0.07	0	0.0	0.0	0.0
0.04	-0.07	1	0.0	0.0	0.0
0.04	-0.07	2	0.0	0.0	0.0
0.04	-0.07	3	0.017326355	0.046287775	0.031807065
0.04	-0.07	4	0.0	0.0	0.0
0.04	-0.07	5	0.0	0.0	0.0
0.04	-0.07	6	0.0	0.0	0.0
0.04	-0.06	0	0.0	0.0	0.0
0.04	-0.06	1	0.0	0.0	0.0
0.04	-0.06	2	0.0	0.0	0.0
0.04	-0.06	3	0.015191257	0.03954172	0.02736649
0.04	-0.06	4	0.0	0.0	0.0
0.04	-0.06	5	0.0	0.0	0.0
0.04	-0.06	6	0.0	0.0	0.0
0.04	-0.05	0	0.0	0.0	0.0
0.04	-0.05	1	0.0	0.0	0.0
0.04	-0.05	2	0.0	0.0	0.0
0.04	-0.05	3	0.013197601	0.03351304	0.02335532
0.04	-0.05	4	0.0	0.0	0.0
0.04	-0.05	5	0.0	0.0	0.0
0.04	-0.05	6	0.0	0.0	0.0
0.04	-0.04	0	0.0	0.0	0.0
0.04	-0.04	1	0.0	0.0	0.0
0.04	-0.04	2	0.0	0.0	0.0
0.04	-0.04	3	0.011327088	0.028119713	0.0197234
0.04	-0.04	4	0.0	0.0	0.0
0.04	-0.04	5	0.0	0.0	0.0
0.04	-0.04	6	0.0	0.0	0.0
0.04	-0.03	0	0.0	0.0	0.0
0.04	-0.03	1	0.0	0.0	0.0
0.04	-0.03	2	0.0023133368	0.0	0.0011566684
0.04	-0.03	3	0.009547651	0.023271382	0.016409516
0.04	-0.03	4	0.0	0.05199291	0.025996456
0.04	-0.03	5	0.0	0.0	0.0
0.04	-0.03	6	0.0	0.0	0.0
0.04	-0.02	0	0.0	0.0	0.0
0.04	-0.02	1	0.025706299	0.0	0.012853149
0.04	-0.02	2	0.094609246	0.0	0.047304623
0.04	-0.02	3	0.007851839	0.019439667	0.013645753
0.04	-0.02	4	0.0	0.12576996	0.06288498
0.04	-0.02	5	0.0	0.064635985	0.032317992
0.04	-0.02	6	0.0	0.0	0.0
0.04	-0.01	0	0.087250054	-0.00016319752	0.04354343
0.04	-0.01	1	0.11641891	-0.016172588	0.050123163
0.04	-0.01	2	0.16548887	-0.047960103	0.058764383
0.04	-0.01	3	0.007130027	0.022443771	0.014786899
0.04	-0.01	4	-0.0699541	0.18400833	0.057027116
0.04	-0.01	5	-0.022576809	0.14268857	0.06005588
0.04	-0.01	6	0.0	0.075009815	0.037504908
0.04	0.0	0	0.18978764	-0.08288729	0.053450175
0.04	0.0	1	0.19867012	-0.13284123	0.032914445
0.04	0.0	2	0.22741105	-0.16468775	0.031361647
0.04	0.0	3	0.010935247	0.0180991	0.014517173
0.04	0.0	4	-0.16749966	0.2251162	0.028808266
0.04	0.0	5	-0.14842743	0.19826525	0.024918914
0.04	0.0	6	-0.13597912	0.15174906	0.007884972
0.05	-0.15	0	0.0	0.0	0.0
0.05	-0.15	1	0.0	0.0	0.0
0.05	-0.15	2	0.0	0.0	0.0
0.05	-0.15	3	0.056269467	0.1575033	0.10688639
0.05	-0.15	4	0.0	0.0	0.0
0.05	-0.15	5	0.0	0.0	0.0
0.05	-0.15	6	0.0	0.0	0.0
0.05	-0.14	0	0.0	0.0	0.0
0.05	-0.14	1	0.0	0.0	0.0
0.05	-0.14	2	0.0	0.0	0.0
0.05	-0.14	3	0.04741758	0.13587427	0.091645926
0.05	-0.14	4	0.0	0.0	0.0
0.05	-0.14	5	0.0	0.0	0.0
0.05	-0.14	6	0.0	0.0	0.0
0.05	-0.13	0	0.0	0.0	0.0
0.05	-0.13	1	0.0	0.0	0.0
0.05	-0.13	2	0.0	0.0	0.0
0.05	-0.13	3	0.040515244	0.117801756	0.0791585
0.05	-0.13	4	0.0	0.0	0.0
0.05	-0.13	5	0.0	0.0	0.0
0.05	-0.13	6	0.0	0.0	0.0
0.05	-0.12	0	0.0	0.0	0.0
0.05	-0.12	1	0.0	0.0	0.0
0.05	-0.12	2	0.0	0.0	0.0
0.05	-0.12	3	0.035095096	0.102430016	0.068762556
0.05	-0.12	4	0.0	0.0	0.0
0.05	-0.12	5	0.0	0.0	0.0
0.05	-0.12	6	0.0	0.0	0.0
0.05	-0.11	0	0.0	0.0	0.0
0.05	-0.11	1	0.0	0.0	0.0
0.05	-0.11	2	0.0	0.0	0.0
0.05	-0.11	3	0.03070283	0.08916837	0.0599356
0.05	-0.11	4	0.0	0.0	0.0
0.05	-0.11	5	0.0	0.0	0.0
0.05	-0.11	6	0.0	0.0	0.0
0.05	-0.1	0	0.0	0.0	0.0
0.05	-0.1	1	0.0	0.0	0.0
0.05	-0.1	2	0.0	0.0	0.0
0.05	-0.1	3	0.026998043	0.077650905	0.052324474
0.05	-0.1	4	0.0	0.0	0.0
0.05	-0.1	5	0.0	0.0	0.0
0.05	-0.1	6	0.0	0.0	0.0
0.05	-0.09	0	0.0	0.0	0.0
0.05	-0.09	1	0.0	0.0	0.0
0.05	-0.09	2	0.0	0.0	0.0
0.05	-0.09	3	0.023892403	0.06752092	0.04570666
0.05	-0.09	4	0.0	0.0	0.0
0.05	-0.09	5	0.0	0.0	0.0
0.05	-0.09	6	0.0	0.0	0.0
0.05	-0.08	0	0.0	0.0	0.0
0.05	-0.08	1	0.0	0.0	0.0
0.05	-0.08	2	0.0	0.0	0.0
0.05	-0.08	3	0.02119279	0.058563143	0.039877966
0.05	-0.08	4	0.0	0.0	0.0
0.05	-0.08	5	0.0	0.0	0.0
0.05	-0.08	6	0.0	0.0	0.0
0.05	-0.07	0	0.0	0.0	0.0
0.05	-0.07	1	0.0	0.0	0.0
0.05	-0.07	2	0.0	0.0	0.0
0.05	-0.07	3	0.018859744	0.050633848	0.034746796
0.05	-0.07	4	0.0	0.0	0.0
0.05	-0.07	5	0.0	0.0	0.0
0.05	-0.07	6	0.0	0.0	0.0
0.05	-0.06	0	0.0	0.0	0.0
0.05	-0.06	1	0.0	0.0	0.0
0.05	-0.06	2	0.0	0.0	0.0
0.05	-0.06	3	0.016655922	0.04357636	0.03011614
0.05	-0.06	4	0.0	0.0	0.0
0.05	-0.06	5	0.0	0.0	0.0
0.05	-0.06	6	0.0	0.0	0.0
0.05	-0.05	0	0.0	0.0	0.0
0.05	-0.05	1	0.0	0.0	0.0
0.05	-0.05	2	0.0	0.0	0.0
0.05	-0.05	3	0.014601529	0.037272185	0.025936857
0.05	-0.05	4	0.0	0.0	0.0
0.05	-0.05	5	0.0	0.0	0.0
0.05	-0.05	6	0.0	0.0	0.0
0.05	-0.04	0	0.0	0.0	0.0
0.05	-0.04	1	0.0	0.0	0.0
0.05	-0.04	2	0.0	0.0	0.0
0.05	-0.04	3	0.012675703	0.031635255	0.022155479
0.05	-0.04	4	0.0	0.048117075	0.024058538
0.05	-0.04	5	0.0	0.0	0.0
0.05	-0.04	6	0.0	0.0	0.0
0.05	-0.03	0	0.0	0.0	0.0
0.05	-0.03	1	0.0	0.0	0.0
0.05	-0.03	2	0.0663677	0.0	0.03318385
0.05	-0.03	3	0.010847807	0.02657947	0.018713638
0.05	-0.03	4	0.0	0.12365422	0.06182711
0.05	-0.03	5	0.0	0.038253337	0.019126669
0.05	-0.03	6	0.0	0.0	0.0
0.05	-0.02	0	0.011372821	0.0	0.0056864107
0.05	-0.02	1	0.07541574	0.0	0.03770787
0.05	-0.02	2	0.1484419	0.0	0.07422095
0.05	-0.02	3	0.009090006	0.025138587	0.017114297
0.05	-0.02	4	0.0	0.18282598	0.09141299
0.05	-0.02	5	0.0	0.12042468	0.06021234
0.05	-0.02	6	0.0	0.0	0.0
0.05	-0.01	0	0.1293179	-0.0007696748	0.06427411
0.05	-0.01	1	0.15751715	-0.043314755	0.057101198
0.05	-0.01	2	0.21017228	-0.08380425	0.063184015
0.05	-0.01	3	0.010038614	0.029197484	0.01961805
0.05	-0.01	4	-0.11678463	0.22955245	0.056383908
0.05	-0.01	5	-0.06863254	0.1861634	0.058765426
0.05	-0.01	6	-0.02770412	0.1132682	0.04278204
0.05	0.0	0	0.23092325	-0.1136691	0.058627076
0.05	0.0	1	0.24105477	-0.16321677	0.038919
0.05	0.0	2	0.2681421	-0.2027582	0.032691956
0.05	0.0	3	0.013972163	0.021718293	0.017845228
0.05	0.0	4	-0.1982972	0.25868064	0.03019172
0.05	0.0	5	-0.17889386	0.23010963	0.025607884
0.05	0.0	6	-0.16529715	0.1852021	0.009952478
0.06	-0.15	0	0.0	0.0	0.0
0.06	-0.15	1	0.0	0.0	0.0
0.06	-0.15	2	0.0	0.0	0.0
0.06	-0.15	3	0.060230374	0.16780329	0.11401683
0.06	-0.15	4	0.0	0.0	0.0
0.06	-0.15	5	0.0	0.0	0.0
0.06	-0.15	6	0.0	0.0	0.0
0.06	-0.14	0	0.0	0.0	0.0
0.06	-0.14	1	0.0	0.0	0.0
0.06	-0.14	2	0.0	0.0	0.0
0.06	-0.14	3	0.05064124	0.14475235	0.097696796
0.06	-0.14	4	0.0	0.0	0.0
0.06	-0.14	5	0.0	0.0	0.0
0.06	-0.14	6	0.0	0.0	0.0
0.06	-0.13	0	0.0	0.0	0.0
0.06	-0.13	1	0.0	0.0	0.0
0.06	-0.13	2	0.0	0.0	0.0
0.06	-0.13	3	0.043219626	0.12555066	0.08438514
0.06	-0.13	4	0.0	0.0	0.0
0.06	-0.13	5	0.0	0.0	0.0
0.06	-0.13	6	0.0	0.0	0.0
0.06	-0.12	0	0.0	0.0	0.0
0.06	-0.12	1	0.0	0.0	0.0
0.06	-0.12	2	0.0	0.0	0.0
0.06	-0.12	3	0.03745699	0.10928926	0.073373124
0.06	-0.12	4	0.0	0.0	0.0
0.06	-0.12	5	0.0	0.0	0.0
0.06	-0.12	6	0.0	0.0	0.0
0.06	-0.11	0	0.0	0.0	0.0
0.06	-0.11	1	0.0	0.0	0.0
0.06	-0.11	2	0.0	0.0	0.0
0.06	-0.11	3	0.032795727	0.09531903	0.06405738
0.06	-0.11	4	0.0	0.0	0.0
0.06	-0.11	5	0.0	0.0	0.0
0.06	-0.11	6	0.0	0.0	0.0
0.06	-0.1	0	0.0	0.0	0.0
0.06	-0.1	1	0.0	0.0	0.0
0.06	-0.1	2	0.0	0.0	0.0
0.06	-0.1	3	0.02889508	0.08322236	0.05605872
0.06	-0.1	4	0.0	0.0	0.0
0.06	-0.1	5	0.0	0.0	0.0
0.06	-0.1	6	0.0	0.0	0.0
0.06	-0.09	0	0.0	0.0	0.0
0.06	-0.09	1	0.0	0.0	0.0
0.06	-0.09	2	0.0	0.0	0.0
0.06	-0.09	3	0.025626779	0.07260573	0.049116254
0.06	-0.09	4	0.0	0.0	0.0
0.06	-0.09	5	0.0	0.0	0.0
0.06	-0.09	6	0.0	0.0	0.0
0.06	-0.08	0	0.0	0.0	0.0
0.06	-0.08	1	0.0	0.0	0.0
0.06	-0.08	2	0.0	0.0	0.0
0.06	-0.08	3	0.02278924	0.06323835	0.043013796
0.06	-0.08	4	0.0	0.0	0.0
0.06	-0.08	5	0.0	0.0	0.0
0.06	-0.08	6	0.0	0.0	0.0
0.06	-0.07	0	0.0	0.0	0.0
0.06	-0.07	1	0.0	0.0	0.0
0.06	-0.07	2	0.0	0.0	0.0
0.06	-0.07	3	0.020365894	0.054951996	0.037658945
0.06	-0.07	4	0.0	0.0	0.0
0.06	-0.07	5	0.0	0.0	0.0
0.06	-0.07	6	0.0	0.0	0.0
0.06	-0.06	0	0.0	0.0	0.0
0.06	-0.06	1	0.0	0.0	0.0
0.06	-0.06	2	0.0	0.0	0.0
0.06	-0.06	3	0.018097341	0.047579557	0.03283845
0.06	-0.06	4	0.0	0.0	0.0
0.06	-0.06	5	0.0	0.0	0.0
0.06	-0.06	6	0.0	0.0	0.0
0.06	-0.05	0	0.0	0.0	0.0
0.06	-0.05	1	0.0	0.0	0.0
0.06	-0.05	2	0.0	0.0	0.0
0.06	-0.05	3	0.015979946	0.041003734	0.02849184
0.06	-0.05	4	0.0	0.04655476	0.02327738
0.06	-0.05	5	0.0	0.0	0.0
0.06	-0.05	6	0.0	0.0	0.0
0.06	-0.04	0	0.0	0.0	0.0
0.06	-0.04	1	0.0	0.0	0.0
0.06	-0.04	2	0.029836481	0.0	0.014918241
0.06	-0.04	3	0.013996899	0.03512609	0.024561495
0.06	-0.04	4	0.0	0.12333366	0.06166683
0.06	-0.04	5	0.0	0.015290439	0.0076452196
0.06	-0.04	6	0.0	0.0	0.0
0.06	-0.03	0	0.0	0.0	0.0
0.06	-0.03	1	0.02773796	0.0	0.01386898
0.06	-0.03	2	0.12636633	0.0	0.063183166
0.06	-0.03	3	0.012116313	0.030636013	0.021376163
0.06	-0.03	4	0.0	0.18337394	0.09168697
0.06	-0.03	5	0.0	0.09566877	0.047834385
0.06	-0.03	6	0.0	0.0	0.0
0.06	-0.02	0	0.053522386	0.0	0.026761193
0.06	-0.02	1	0.11997691	0.0	0.059988454
0.06	-0.02	2	0.1947417	0.0	0.09737085
0.06	-0.02	3	0.010272205	0.0318518	0.021062002
0.06	-0.02	4	-0.023728251	0.23025529	0.10326352
0.06	-0.02	5	0.0	0.16911058	0.08455529
0.06	-0.02	6	0.0	0.047107186	0.023553593
0.06	-0.01	0	0.16742422	-0.0016498566	0.08288718
0.06	-0.01	1	0.19589566	-0.069381595	0.06325703
0.06	-0.01	2	0.2481513	-0.11399323	0.06707904
0.06	-0.01	3	0.0142480135	0.03514251	0.024695262
0.06	-0.01	4	-0.15876466	0.26491508	0.05307521
0.06	-0.01	5	-0.11556971	0.22065435	0.05254232
0.06	-0.01	6	-0.071269274	0.14210303	0.03541688
0.06	0.0	0	0.26734233	-0.14581358	0.060764372
0.06	0.0	1	0.27883774	-0.19317156	0.04283309
0.06	0.0	2	0.3030224	-0.24116516	0.030928627
0.06	0.0	3	0.017153919	0.024802387	0.020978153
0.06	0.0	4	-0.22841549	0.2839145	0.027749509
0.06	0.0	5	-0.20582509	0.25825945	0.026217178
0.06	0.0	6	-0.19160217	0.2176716	0.013034716
0.07	-0.15	0	0.0	0.0	0.0
0.07	-0.15	1	0.0	0.0	0.0
0.07	-0.15	2	0.0	0.0	0.0
0.07	-0.15	3	0.06425369	0.17816672	0.1212102
0.07	-0.15	4	0.0	0.0	0.0
0.07	-0.15	5	0.0	0.0	0.0
0.07	-0.15	6	0.0	0.0	0.0
0.07	-0.14	0	0.0	0.0	0.0
0.07	-0.14	1	0.0	0.0	0.0
0.07	-0.14	2	0.0	0.0	0.0
0.07	-0.14	3	0.053906143	0.15363836	0.10377225
0.07	-0.14	4	0.0	0.0	0.0
0.07	-0.14	5	0.0	0.0	0.0
0.07	-0.14	6	0.0	0.0	0.0
0.07	-0.13	0	0.0	0.0	0.0
0.07	-0.13	1	0.0	0.0	0.0
0.07	-0.13	2	0.0	0.0	0.0
0.07	-0.13	3	0.045951545	0.13327616	0.089613855
0.07	-0.13	4	0.0	0.0	0.0
0.07	-0.13	5	0.0	0.0	0.0
0.07	-0.13	6	0.0	0.0	0.0
0.07	-0.12	0	0.0	0.0	0.0
0.07	-0.12	1	0.0	0.0	0.0
0.07	-0.12	2	0.0	0.0	0.0
0.07	-0.12	3	0.03982103	0.11612409	0.07797256
0.07	-0.12	4	0.0	0.0	0.0
0.07	-0.12	5	0.0	0.0	0.0
0.07	-0.12	6	0.0	0.0	0.0
0.07	-0.11	0	0.0	0.0	0.0
0.07	-0.11	1	0.0	0.0	0.0
0.07	-0.11	2	0.0	0.0	0.0
0.07	-0.11	3	0.034887135	0.10143742	0.06816228
0.07	-0.11	4	0.0	0.0	0.0
0.07	-0.11	5	0.0	0.0	0.0
0.07	-0.11	6	0.0	0.0	0.0
0.07	-0.1	0	0.0	0.0	0.0
0.07	-0.1	1	0.0	0.0	0.0
0.07	-0.1	2	0.0	0.0	0.0
0.07	-0.1	3	0.030791104	0.0887554	0.05977325
0.07	-0.1	4	0.0	0.0	0.0
0.07	-0.1	5	0.0	0.0	0.0
0.07	-0.1	6	0.0	0.0	0.0
0.07	-0.09	0	0.0	0.0	0.0
0.07	-0.09	1	0.0	0.0	0.0
0.07	-0.09	2	0.0	0.0	0.0
0.07	-0.09	3	0.027340949	0.07766995	0.05250545
0.07	-0.09	4	0.0	0.0	0.0
0.07	-0.09	5	0.0	0.0	0.0
0.07	-0.09	6	0.0	0.0	0.0
0.07	-0.08	0	0.0	0.0	0.0
0.07	-0.08	1	0.0	0.0	0.0
0.07	-0.08	2	0.0	0.0	0.0
0.07	-0.08	3	0.024365544	0.06787583	0.04612069
0.07	-0.08	4	0.0	0.0	0.0
0.07	-0.08	5	0.0	0.0	0.0
0.07	-0.08	6	0.0	0.0	0.0
0.07	-0.07	0	0.0	0.0	0.0
0.07	-0.07	1	0.0	0.0	0.0
0.07	-0.07	2	0.0	0.0	0.0
0.07	-0.07	3	0.021844089	0.059224993	0.04053454
0.07	-0.07	4	0.0	0.0	0.0
0.07	-0.07	5	0.0	0.0	0.0
0.07	-0.07	6	0.0	0.0	0.0
0.07	-0.06	0	0.0	0.0	0.0
0.07	-0.06	1	0.0	0.0	0.0
0.07	-0.06	2	0.0	0.0	0.0
0.07	-0.06	3	0.019510686	0.05154413	0.035527408
0.07	-0.06	4	0.0	0.048200976	0.024100488
0.07	-0.06	5	0.0	0.0	0.0
0.07	-0.06	6	0.0	0.0	0.0
0.07	-0.05	0	0.0	0.0	0.0
0.07	-0.05	1	0.0	0.0	0.0
0.07	-0.05	2	0.0	0.0	0.0
0.07	-0.05	3	0.01733023	0.044697285	0.031013757
0.07	-0.05	4	0.0	0.124841824	0.062420912
0.07	-0.05	5	0.0	0.00029241975	0.00014620987
0.07	-0.05	6	0.0	0.0	0.0
0.07	-0.04	0	0.0	0.0	0.0
0.07	-0.04	1	0.0	0.0	0.0
0.07	-0.04	2	0.09426894	0.0	0.04713447
0.07	-0.04	3	0.015284181	0.038579196	0.026931688
0.07	-0.04	4	0.0	0.18596315	0.09298158
0.07	-0.04	5	0.0	0.07068059	0.035340294
0.07	-0.04	6	0.0	0.0	0.0
0.07	-0.03	0	0.0	0.0	0.0
0.07	-0.03	1	0.07512913	0.0	0.037564564
0.07	-0.03	2	0.17624138	0.0	0.08812069
0.07	-0.03	3	0.013345242	0.036213994	0.024779618
0.07	-0.03	4	0.0	0.23264314	0.11632157
0.07	-0.03	5	0.0	0.14863244	0.07431622
0.07	-0.03	6	0.0	0.0	0.0
0.07	-0.02	0	0.09544105	0.0	0.047720525
0.07	-0.02	1	0.15824513	0.0	0.079122566
0.07	-0.02	2	0.23538046	-0.030968428	0.102206014
0.07	-0.02	3	0.01185143	0.038757235	0.025304332
0.07	-0.02	4	-0.07415515	0.26977682	0.097810835
0.07	-0.02	5	0.0	0.21122186	0.10561093
0.07	-0.02	6	0.0	0.10682192	0.05341096
0.07	-0.01	0	0.20193312	-0.0036129951	0.09916006
0.07	-0.01	1	0.23002616	-0.09637618	0.06682499
0.07	-0.01	2	0.2803884	-0.14467227	0.06785807
0.07	-0.01	3	0.018142402	0.03996697	0.029054686
0.07	-0.01	4	-0.19510823	0.28869352	0.04679264
0.07	-0.01	5	-0.15682447	0.24803816	0.045606844
0.07	-0.01	6	-0.11327684	0.16460714	0.02566515
0.07	0.0	0	0.29973087	-0.18076193	0.059484467
0.07	0.0	1	0.31065312	-0.2265076	0.042072758
0.07	0.0	2	0.33089364	-0.27665073	0.027121454
0.07	0.0	3	0.020511806	0.0272547	0.023883253
0.07	0.0	4	-0.2572114	0.30535156	0.024070084
0.07	0.0	5	-0.22907615	0.28613445	0.028529152
0.07	0.0	6	-0.21447295	0.24535483	0.015440941
0.08	-0.15	0	0.0	0.0	0.0
0.08	-0.15	1	0.0	0.0	0.0
0.08	-0.15	2	0.0	0.0	0.0
0.08	-0.15	3	0.06833583	0.1885274	0.12843162
0.08	-0.15	4	0.0	0.0	0.0
0.08	-0.15	5	0.0	0.0	0.0
0.08	-0.15	6	0.0	0.0	0.0
0.08	-0.14	0	0.0	0.0	0.0
0.08	-0.14	1	0.0	0.0	0.0
0.08	-0.14	2	0.0	0.0	0.0
0.08	-0.14	3	0.05718994	0.16248298	0.10983646
0.08	-0.14	4	0.0	0.0	0.0
0.08	-0.14	5	0.0	0.0	0.0
0.08	-0.14	6	0.0	0.0	0.0
0.08	-0.13	0	0.0	0.0	0.0
0.08	-0.13	1	0.0	0.0	0.0
0.08	-0.13	2	0.0	0.0	0.0
0.08	-0.13	3	0.048699796	0.14096224	0.09483102
0.08	-0.13	4	0.0	0.0	0.0
0.08	-0.13	5	0.0	0.0	0.0
0.08	-0.13	6	0.0	0.0	0.0
0.08	-0.12	0	0.0	0.0	0.0
0.08	-0.12	1	0.0	0.0	0.0
0.08	-0.12	2	0.0	0.0	0.0
0.08	-0.12	3	0.042176962	0.12289202	0.08253449
0.08	-0.12	4	0.0	0.0	0.0
0.08	-0.12	5	0.0	0.0	0.0
0.08	-0.12	6	0.0	0.0	0.0
0.08	-0.11	0	0.0	0.0	0.0
0.08	-0.11	1	0.0	0.0	0.0
0.08	-0.11	2	0.0	0.0	0.0
0.08	-0.11	3	0.036970377	0.107500374	0.072235376
0.08	-0.11	4	0.0	0.0	0.0
0.08	-0.11	5	0.0	0.0	0.0
0.08	-0.11	6	0.0	0.0	0.0
0.08	-0.1	0	0.0	0.0	0.0
0.08	-0.1	1	0.0	0.0	0.0
0.08	-0.1	2	0.0	0.0	0.0
0.08	-0.1	3	0.032678425	0.09423122	0.06345482
0.08	-0.1	4	0.0	0.0	0.0
0.08	-0.1	5	0.0	0.0	0.0
0.08	-0.1	6	0.0	0.0	0.0
0.08	-0.09	0	0.0	0.0	0.0
0.08	-0.09	1	0.0	0.0	0.0
0.08	-0.09	2	0.0	0.0	0.0
0.08	-0.09	3	0.029033244	0.08268082	0.055857033
0.08	-0.09	4	0.0	0.0	0.0
0.08	-0.09	5	0.0	0.0	0.0
0.08	-0.09	6	0.0	0.0	0.0
0.08	-0.08	0	0.0	0.0	0.0
0.08	-0.08	1	0.0	0.0	0.0
0.08	-0.08	2	0.0	0.0	0.0
0.08	-0.08	3	0.025922418	0.072462976	0.049192697
0.08	-0.08	4	0.0	0.0	0.0
0.08	-0.08	5	0.0	0.0	0.0
0.08	-0.08	6	0.0	0.0	0.0
0.08	-0.07	0	0.0	0.0	0.0
0.08	-0.07	1	0.0	0.0	0.0
0.08	-0.07	2	0.0	0.0	0.0
0.08	-0.07	3	0.0232929	0.063450485	0.043371692
0.08	-0.07	4	0.0	0.05390771	0.026953856
0.08	-0.07	5	0.0	0.0	0.0
0.08	-0.07	6	0.0	0.0	0.0
0.08	-0.06	0	0.0	0.0	0.0
0.08	-0.06	1	0.0	0.0	0.0
0.08	-0.06	2	0.0	0.0	0.0
0.08	-0.06	3	0.020894408	0.05546236	0.038178384
0.08	-0.06	4	0.0	0.12885173	0.06442586
0.08	-0.06	5	0.0	0.0	0.0
0.08	-0.06	6	0.0	0.0	0.0
0.08	-0.05	0	0.0	0.0	0.0
0.08	-0.05	1	0.0	0.0	0.0
0.08	-0.05	2	0.052555967	0.0	0.026277984
0.08	-0.05	3	0.018646002	0.048347026	0.033496514
0.08	-0.05	4	0.0	0.19023483	0.09511741
0.08	-0.05	5	0.0	0.046818927	0.023409463
0.08	-0.05	6	0.0	0.0	0.0
0.08	-0.04	0	0.0	0.0	0.0
0.08	-0.04	1	0.024308236	0.0	0.012154118
0.08	-0.04	2	0.15115564	0.0	0.07557782
0.08	-0.04	3	0.016530097	0.042966098	0.029748097
0.08	-0.04	4	0.0	0.23721534	0.11860767
0.08	-0.04	5	0.0	0.1260058	0.0630029
0.08	-0.04	6	0.0	0.0	0.0
0.08	-0.03	0	0.0031808882	0.0	0.0015904441
0.08	-0.03	1	0.11880682	0.0	0.05940341
0.08	-0.03	2	0.21905942	0.0	0.10952971
0.08	-0.03	3	0.014509797	0.042575896	0.028542846
0.08	-0.03	4	0.0	0.27338716	0.13669358
0.08	-0.03	5	0.0	0.19507919	0.097539596
0.08	-0.03	6	0.0	0.004132927	0.0020664635
0.08	-0.02	0	0.13478783	-0.00029599667	0.067245916
0.08	-0.02	1	0.19323455	-0.012542903	0.09034582
0.08	-0.02	2	0.26911142	-0.06739771	0.100856856
0.08	-0.02	3	0.014142811	0.045581043	0.029861927
0.08	-0.02	4	-0.123496294	0.30283475	0.08966923
0.08	-0.02	5	-0.030582964	0.24772653	0.10857178
0.08	-0.02	6	0.0	0.14719224	0.07359612
0.08	-0.01	0	0.23494118	-0.010879517	0.112030834
0.08	-0.01	1	0.259868	-0.12657255	0.06664772
0.08	-0.01	2	0.30758858	-0.18810785	0.059740365
0.08	-0.01	3	0.021808684	0.043565482	0.032687083
0.08	-0.01	4	-0.22588503	0.30668756	0.040401265
0.08	-0.01	5	-0.19155431	0.27024063	0.039343163
0.08	-0.01	6	-0.14985412	0.17949933	0.014822602
0.08	0.0	0	0.32681325	-0.21613288	0.055340186
0.08	0.0	1	0.3354457	-0.2765062	0.029469758
0.08	0.0	2	0.34731203	-0.3046937	0.021309167
0.08	0.0	3	0.024023592	0.028946817	0.026485205
0.08	0.0	4	-0.2821192	0.32616353	0.022022158
0.08	0.0	5	-0.24822718	0.30863816	0.030205488
0.08	0.0	6	-0.23314708	0.26941198	0.018132448
0.09	-0.15	0	0.0	0.0	0.0
0.09	-0.15	1	0.0	0.0	0.0
0.09	-0.15	2	0.0	0.0	0.0
0.09	-0.15	3	0.07249415	0.1988253	0.13565972
0.09	-0.15	4	0.0	0.0	0.0
0.09	-0.15	5	0.0	0.0	0.0
0.09	-0.15	6	0.0	0.0	0.0
0.09	-0.14	0	0.0	0.0	0.0
0.09	-0.14	1	0.0	0.0	0.0
0.09	-0.14	2	0.0	0.0	0.0
0.09	-0.14	3	0.06050086	0.17125124	0.11587605
0.09	-0.14	4	0.0	0.0	0.0
0.09	-0.14	5	0.0	0.0	0.0
0.09	-0.14	6	0.0	0.0	0.0
0.09	-0.13	0	0.0	0.0	0.0
0.09	-0.13	1	0.0	0.0	0.0
0.09	-0.13	2	0.0	0.0	0.0
0.09	-0.13	3	0.051466227	0.14858976	0.10002799
0.09	-0.13	4	0.0	0.0	0.0
0.09	-0.13	5	0.0	0.0	0.0
0.09	-0.13	6	0.0	0.0	0.0
0.09	-0.12	0	0.0	0.0	0.0
0.09	-0.12	1	0.0	0.0	0.0
0.09	-0.12	2	0.0	0.0	0.0
0.09	-0.12	3	0.04453075	0.12960595	0.08706835
0.09	-0.12	4	0.0	0.0	0.0
0.09	-0.12	5	0.0	0.0	0.0
0.09	-0.12	6	0.0	0.0	0.0
0.09	-0.11	0	0.0	0.0	0.0
0.09	-0.11	1	0.0	0.0	0.0
0.09	-0.11	2	0.0	0.0	0.0
0.09	-0.11	3	0.03904307	0.113488585	0.07626583
0.09	-0.11	4	0.0	0.0	0.0
0.09	-0.11	5	0.0	0.0	0.0
0.09	-0.11	6	0.0	0.0	0.0
0.09	-0.1	0	0.0	0.0	0.0
0.09	-0.1	1	0.0	0.0	0.0
0.09	-0.1	2	0.0	0.0	0.0
0.09	-0.1	3	0.034548283	0.09963536	0.06709182
0.09	-0.1	4	0.0	0.0	0.0
0.09	-0.1	5	0.0	0.0	0.0
0.09	-0.1	6	0.0	0.0	0.0
0.09	-0.09	0	0.0	0.0	0.0
0.09	-0.09	1	0.0	0.0	0.0
0.09	-0.09	2	0.0	0.0	0.0
0.09	-0.09	3	0.030710995	0.087610364	0.05916068
0.09	-0.09	4	0.0	0.002880305	0.0014401525
0.09	-0.09	5	0.0	0.0	0.0
0.09	-0.09	6	0.0	0.0	0.0
0.09	-0.08	0	0.0	0.0	0.0
0.09	-0.08	1	0.0	0.0	0.0
0.09	-0.08	2	0.0	0.0	0.0
0.09	-0.08	3	0.027460754	0.07698876	0.052224755
0.09	-0.08	4	0.0	0.06529052	0.03264526
0.09	-0.08	5	0.0	0.0	0.0
0.09	-0.08	6	0.0	0.0	0.0
0.09	-0.07	0	0.0	0.0	0.0
0.09	-0.07	1	0.0	0.0	0.0
0.09	-0.07	2	0.0	0.0	0.0
0.09	-0.07	3	0.024707556	0.067615926	0.04616174
0.09	-0.07	4	0.0	0.13638175	0.06819087
0.09	-0.07	5	0.0	0.0	0.0
0.09	-0.07	6	0.0	0.0	0.0
0.09	-0.06	0	0.0	0.0	0.0
0.09	-0.06	1	0.0	0.0	0.0
0.09	-0.06	2	0.006642488	0.0	0.003321244
0.09	-0.06	3	0.022243917	0.05932623	0.040785074
0.09	-0.06	4	0.0	0.19650076	0.09825038
0.09	-0.06	5	0.0	0.02569933	0.012849665
0.09	-0.06	6	0.0	0.0	0.0
0.09	-0.05	0	0.0	0.0	0.0
0.09	-0.05	1	0.0	0.0	0.0
0.09	-0.05	2	0.115457326	0.0	0.057728663
0.09	-0.05	3	0.01991862	0.05194041	0.035929516
0.09	-0.05	4	0.0	0.24344927	0.121724635
0.09	-0.05	5	0.0	0.10289431	0.051447157
0.09	-0.05	6	0.0	0.0	0.0
0.09	-0.04	0	0.0	0.0	0.0
0.09	-0.04	1	0.06959348	0.0	0.03479674
0.09	-0.04	2	0.19911757	0.0	0.099558786
0.09	-0.04	3	0.017736495	0.04852718	0.033131838
0.09	-0.04	4	0.0	0.2791511	0.13957556
0.09	-0.04	5	0.0	0.17651169	0.088255845
0.09	-0.04	6	0.0	0.0	0.0
0.09	-0.03	0	0.03342052	0.0	0.01671026
0.09	-0.03	1	0.15606149	0.0	0.07803074
0.09	-0.03	2	0.25692567	0.0	0.12846284
0.09	-0.03	3	0.015605092	0.049430937	0.032518014
0.09	-0.03	4	-0.010596454	0.30717474	0.14828914
0.09	-0.03	5	0.0	0.2355268	0.1177634
0.09	-0.03	6	0.0	0.0638119	0.03190595
0.09	-0.02	0	0.17076105	-0.00084507465	0.08495799
0.09	-0.02	1	0.22747897	-0.033501863	0.09698855
0.09	-0.02	2	0.297567	-0.0999887	0.098789155
0.09	-0.02	3	0.016738534	0.052252173	0.034495354
0.09	-0.02	4	-0.16795522	0.33060074	0.08132276
0.09	-0.02	5	-0.08694196	0.27915588	0.09610696
0.09	-0.02	6	-0.0010618567	0.16951677	0.08422746
0.09	-0.01	0	0.26555476	-0.019490838	0.12303196
0.09	-0.01	1	0.28829992	-0.16201639	0.06314176
0.09	-0.01	2	0.33119762	-0.24526346	0.04296708
0.09	-0.01	3	0.025344193	0.046657473	0.036000833
0.09	-0.01	4	-0.25395918	0.3182426	0.032141715
0.09	-0.01	5	-0.22043371	0.2869661	0.033266187
0.09	-0.01	6	-0.18217385	0.19472557	0.0062758625
0.09	0.0	0	0.34689334	-0.26481903	0.041037157
0.09	0.0	1	0.35411698	-0.31217307	0.020971954
0.09	0.0	2	0.36181265	-0.32764775	0.017082453
0.09	0.0	3	0.027837574	0.02985853	0.028848052
0.09	0.0	4	-0.30315542	0.34172845	0.019286513
0.09	0.0	5	-0.26452142	0.3257848	0.030631691
0.09	0.0	6	-0.24911016	0.28851208	0.01970096
0.1	-0.15	0	0.0	0.0	0.0
0.1	-0.15	1	0.0	0.0	0.0
0.1	-0.15	2	0.0	0.0	0.0
0.1	-0.15	3	0.07667053	0.2736294	0.17514996
0.1	-0.15	4	0.0	0.02866178	0.01433089
0.1	-0.15	5	0.0	0.0	0.0
0.1	-0.15	6	0.0	0.0	0.0
0.1	-0.14	0	0.0	0.0	0.0
0.1	-0.14	1	0.0	0.0	0.0
0.1	-0.14	2	0.0	0.0	0.0
0.1	-0.14	3	0.06381345	0.23213965	0.14797655
0.1	-0.14	4	0.0	0.0	0.0
0.1	-0.14	5	0.0	0.0	0.0
0.1	-0.14	6	0.0	0.0	0.0
0.1	-0.13	0	0.0	0.0	0.0
0.1	-0.13	1	0.0	0.0	0.0
0.1	-0.13	2	0.0	0.0	0.0
0.1	-0.13	3	0.054222345	0.19431797	0.124270156
0.1	-0.13	4	0.0	0.0	0.0
0.1	-0.13	5	0.0	0.0	0.0
0.1	-0.13	6	0.0	0.0	0.0
0.1	-0.12	0	0.0	0.0	0.0
0.1	-0.12	1	0.0	0.0	0.0
0.1	-0.12	2	0.0	0.0	0.0
0.1	-0.12	3	0.046892345	0.16939059	0.10814147
0.1	-0.12	4	0.0	0.0	0.0
0.1	-0.12	5	0.0	0.0	0.0
0.1	-0.12	6	0.0	0.0	0.0
0.1	-0.11	0	0.0	0.0	0.0
0.1	-0.11	1	0.0	0.0	0.0
0.1	-0.11	2	0.0	0.0	0.0
0.1	-0.11	3	0.041104436	0.14993387	0.095519155
0.1	-0.11	4	0.0	0.0	0.0
0.1	-0.11	5	0.0	0.0	0.0
0.1	-0.11	6	0.0	0.0	0.0
0.1	-0.1	0	0.0	0.0	0.0
0.1	-0.1	1	0.0	0.0	0.0
0.1	-0.1	2	0.0	0.0	0.0
0.1	-0.1	3	0.036403775	0.13082346	0.08361362
0.1	-0.1	4	0.0	0.021621643	0.010810821
0.1	-0.1	5	0.0	0.0	0.0
0.1	-0.1	6	0.0	0.0	0.0
0.1	-0.09	0	0.0	0.0	0.0
0.1	-0.09	1	0.0	0.0	0.0
0.1	-0.09	2	0.0	0.0	0.0
0.1	-0.09	3	0.032372892	0.1152077	0.0737903
0.1	-0.09	4	0.0	0.08440727	0.042203635
0.1	-0.09	5	0.0	0.0	0.0
0.1	-0.09	6	0.0	0.0	0.0
0.1	-0.08	0	0.0	0.0	0.0
0.1	-0.08	1	0.0	0.0	0.0
0.1	-0.08	2	0.0	0.0	0.0
0.1	-0.08	3	0.02897191	0.10240573	0.06568882
0.1	-0.08	4	0.0	0.14894234	0.07447117
0.1	-0.08	5	0.0	0.0	0.0
0.1	-0.08	6	0.0	0.0	0.0
0.1	-0.07	0	0.0	0.0	0.0
0.1	-0.07	1	0.0	0.0	0.0
0.1	-0.07	2	0.0	0.0	0.0
0.1	-0.07	3	0.026093066	0.09198123	0.05903715
0.1	-0.07	4	0.0	0.20570292	0.10285146
0.1	-0.07	5	0.0	0.009027589	0.0045137946
0.1	-0.07	6	0.0	0.0	0.0
0.1	-0.06	0	0.0	0.0	0.0
0.1	-0.06	1	0.0	0.0	0.0
0.1	-0.06	2	0.06908534	0.0	0.03454267
0.1	-0.06	3	0.023553133	0.083102584	0.05332786
0.1	-0.06	4	0.0	0.2513287	0.12566435
0.1	-0.06	5	0.0	0.08021229	0.040106144
0.1	-0.06	6	0.0	0.0	0.0
0.1	-0.05	0	0.0	0.0	0.0
0.1	-0.05	1	0.01664362	0.0	0.00832181
0.1	-0.05	2	0.17055936	0.0	0.08527968
0.1	-0.05	3	0.021145105	0.07542205	0.048283577
0.1	-0.05	4	0.0	0.2864949	0.14324746
0.1	-0.05	5	0.0	0.15626313	0.078131564
0.1	-0.05	6	0.0	0.0	0.0
0.1	-0.04	0	0.0	0.0	0.0
0.1	-0.04	1	0.11284216	0.0	0.05642108
0.1	-0.04	2	0.2399965	0.0	0.11999825
0.1	-0.04	3	0.0188905	0.06723642	0.04306346
0.1	-0.04	4	0.0	0.31362507	0.15681253
0.1	-0.04	5	0.0	0.22107041	0.110535204
0.1	-0.04	6	0.0	0.0	0.0
0.1	-0.03	0	0.070377454	0.0	0.035188727
0.1	-0.03	1	0.18802038	0.0	0.09401019
0.1	-0.03	2	0.28804848	0.0	0.14402424
0.1	-0.03	3	0.01683408	0.05724749	0.037040785
0.1	-0.03	4	-0.05896592	0.335298	0.13816604
0.1	-0.03	5	0.0	0.27051795	0.13525897
0.1	-0.03	6	0.0	0.13593817	0.067969084
0.1	-0.02	0	0.20357254	-0.0013899803	0.10109128
0.1	-0.02	1	0.2573473	-0.05486846	0.10123941
0.1	-0.02	2	0.32165822	-0.12796825	0.096844986
0.1	-0.02	3	0.019521594	0.05816385	0.038842723
0.1	-0.02	4	-0.2062884	0.35366502	0.07368831
0.1	-0.02	5	-0.13985825	0.30209774	0.081119746
0.1	-0.02	6	-0.03016597	0.18611945	0.07797674
0.1	-0.01	0	0.29206488	-0.06401038	0.11402725
0.1	-0.01	1	0.3144458	-0.22811341	0.04316619
0.1	-0.01	2	0.35233626	-0.31131196	0.020512149
0.1	-0.01	3	0.028826714	0.034468353	0.031647533
0.1	-0.01	4	-0.2830162	0.32491308	0.02094844
0.1	-0.01	5	-0.24530667	0.29998887	0.027341098
0.1	-0.01	6	-0.21040565	0.20756169	-0.0014219806
0.1	0.0	0	0.35866418	-0.29902565	0.029819265
0.1	0.0	1	0.36395583	-0.32915092	0.017402455
0.1	0.0	2	0.36896718	-0.3392191	0.014874041
0.1	0.0	3	-0.032416284	0.105439514	0.036511615
0.1	0.0	4	-0.32124603	0.35236305	0.015558511
0.1	0.0	5	-0.27973765	0.33650362	0.028382987
0.1	0.0	6	-0.26305807	0.30047262	0.018707275
0.11	-0.15	0	0.0	0.0	0.0
0.11	-0.15	1	0.0	0.0	0.0
0.11	-0.15	2	0.0	0.0	0.0
0.11	-0.15	3	0.080843925	0.31777757	0.19931075
0.11	-0.15	4	0.0	0.23008472	0.11504236
0.11	-0.15	5	0.0	0.0	0.0
0.11	-0.15	6	0.0	0.0	0.0
0.11	-0.14	0	0.0	0.0	0.0
0.11	-0.14	1	0.0	0.0	0.0
0.11	-0.14	2	0.0	0.0	0.0
0.11	-0.14	3	0.06711954	0.28342617	0.17527285
0.11	-0.14	4	0.0	0.067046925	0.033523463
0.11	-0.14	5	0.0	0.0	0.0
0.11	-0.14	6	0.0	0.0	0.0
0.11	-0.13	0	0.0	0.0	0.0
0.11	-0.13	1	0.0	0.0	0.0
0.11	-0.13	2	0.0	0.0	0.0
0.11	-0.13	3	0.05695951	0.24698156	0.15197054
0.11	-0.13	4	0.0	0.020705279	0.0103526395
0.11	-0.13	5	0.0	0.0	0.0
0.11	-0.13	6	0.0	0.0	0.0
0.11	-0.12	0	0.0	0.0	0.0
0.11	-0.12	1	0.0	0.0	0.0
0.11	-0.12	2	0.0	0.0	0.0
0.11	-0.12	3	0.049226105	0.21635169	0.1327889
0.11	-0.12	4	0.0	0.021067768	0.010533884
0.11	-0.12	5	0.0	0.0	0.0
0.11	-0.12	6	0.0	0.0	0.0
0.11	-0.11	0	0.0	0.0	0.0
0.11	-0.11	1	0.0	0.0	0.0
0.11	-0.11	2	0.0	0.0	0.0
0.11	-0.11	3	0.043147027	0.19100586	0.11707644
0.11	-0.11	4	0.0	0.055957474	0.027978737
0.11	-0.11	5	0.0	0.0	0.0
0.11	-0.11	6	0.0	0.0	0.0
0.11	-0.1	0	0.0	0.0	0.0
0.11	-0.1	1	0.0	0.0	0.0
0.11	-0.1	2	0.0	0.0	0.0
0.11	-0.1	3	0.038228273	0.16839933	0.1033138
0.11	-0.1	4	0.0	0.11250649	0.056253243
0.11	-0.1	5	0.0	0.0	0.0
0.11	-0.1	6	0.0	0.0	0.0
0.11	-0.09	0	0.0	0.0	0.0
0.11	-0.09	1	0.0	0.0	0.0
0.11	-0.09	2	0.0	0.0	0.0
0.11	-0.09	3	0.03400159	0.14954609	0.09177384
0.11	-0.09	4	0.0	0.1685516	0.0842758
0.11	-0.09	5	0.0	0.0	0.0
0.11	-0.09	6	0.0	0.0	0.0
0.11	-0.08	0	0.0	0.0	0.0
0.11	-0.08	1	0.0	0.0	0.0
0.11	-0.08	2	0.0	0.0	0.0
0.11	-0.08	3	0.030455768	0.13364503	0.0820504
0.11	-0.08	4	0.0	0.21914463	0.109572314
0.11	-0.08	5	0.0	6.91227e-05	3.456135e-05
0.11	-0.08	6	0.0	0.0	0.0
0.11	-0.07	0	0.0	0.0	0.0
0.11	-0.07	1	0.0	0.0	0.0
0.11	-0.07	2	0.015355112	0.0	0.007677556
0.11	-0.07	3	0.027443409	0.12002963	0.07373652
0.11	-0.07	4	0.0	0.26166236	0.13083118
0.11	-0.07	5	0.0	0.058651853	0.029325927
0.11	-0.07	6	0.0	0.0	0.0
0.11	-0.06	0	0.0	0.0	0.0
0.11	-0.06	1	0.0	0.0	0.0
0.11	-0.06	2	0.13134634	0.0	0.06567317
0.11	-0.06	3	0.024820566	0.10827741	0.06654899
0.11	-0.06	4	0.0	0.2953172	0.1476586
0.11	-0.06	5	0.0	0.13549379	0.06774689
0.11	-0.06	6	0.0	0.0	0.0
0.11	-0.05	0	0.0	0.0	0.0
0.11	-0.05	1	0.059596304	0.0	0.029798152
0.11	-0.05	2	0.21799916	0.0	0.10899958
0.11	-0.05	3	0.022339106	0.0982742	0.060306653
0.11	-0.05	4	0.0	0.3214671	0.16073355
0.11	-0.05	5	0.0	0.20470597	0.102352984
0.11	-0.05	6	0.0	0.0	0.0
0.11	-0.04	0	0.0	0.0	0.0
0.11	-0.04	1	0.15109159	0.0	0.075545795
0.11	-0.04	2	0.2759459	0.0	0.13797295
0.11	-0.04	3	0.021876037	0.086631	0.05425352
0.11	-0.04	4	0.0	0.34210467	0.17105234
0.11	-0.04	5	0.0	0.25994265	0.12997133
0.11	-0.04	6	0.0	0.010601922	0.005300961
0.11	-0.03	0	0.10887511	-0.000121712685	0.0543767
0.11	-0.03	1	0.2178801	-0.00012218952	0.108878955
0.11	-0.03	2	0.31303328	-0.026513219	0.14326003
0.11	-0.03	3	0.030106783	0.075920224	0.053013504
0.11	-0.03	4	-0.11172575	0.35887656	0.123575404
0.11	-0.03	5	0.0	0.30117854	0.15058927
0.11	-0.03	6	0.0	0.19265927	0.09632964
0.11	-0.02	0	0.23378095	-0.0022227764	0.11577909
0.11	-0.02	1	0.28331983	-0.07701719	0.10315132
0.11	-0.02	2	0.3423844	-0.15245712	0.09496364
0.11	-0.02	3	0.035250247	0.069501996	0.05237612
0.11	-0.02	4	-0.2378738	0.3625714	0.062348798
0.11	-0.02	5	-0.18250555	0.3128241	0.065159276
0.11	-0.02	6	-0.057762265	0.19390403	0.06807088
0.11	-0.01	0	0.31488308	-0.1800875	0.06739779
0.11	-0.01	1	0.33669204	-0.31772512	0.009483457
0.11	-0.01	2	0.37010583	-0.3666675	0.0017191619
0.11	-0.01	3	0.034361184	0.008292943	0.021327063
0.11	-0.01	4	-0.31160438	0.32804865	0.008222133
0.11	-0.01	5	-0.26669198	0.30899164	0.021149829
0.11	-0.01	6	-0.23393518	0.21988027	-0.0070274547
0.11	0.0	0	0.36253318	-0.31638592	0.023073629
0.11	0.0	1	0.36647233	-0.3402555	0.013108417
0.11	0.0	2	0.36623144	-0.34195995	0.012135744
0.11	0.0	3	-0.055630386	0.13160592	0.03798777
0.11	0.0	4	-0.33694702	0.3577877	0.010420337
0.11	0.0	5	-0.30122656	0.3410561	0.019914776
0.11	0.0	6	-0.27527553	0.30321363	0.013969049
0.12	-0.15	0	0.0	0.0	0.0
0.12	-0.15	1	0.0	0.0	0.0
0.12	-0.15	2	0.0	0.0	0.0
0.12	-0.15	3	0.08499122	0.34527212	0.21513167
0.12	-0.15	4	0.0	0.40489388	0.20244694
0.12	-0.15	5	0.0	0.0	0.0
0.12	-0.15	6	0.0	0.0	0.0
0.12	-0.14	0	0.0	0.0	0.0
0.12	-0.14	1	0.0	0.0	0.0
0.12	-0.14	2	0.0	0.0	0.0
0.12	-0.14	3	0.07039058	0.31432432	0.19235745
0.12	-0.14	4	0.0	0.21307513	0.106537566
0.12	-0.14	5	0.0	0.0	0.0
0.12	-0.14	6	0.0	0.0	0.0
0.12	-0.13	0	0.0	0.0	0.0
0.12	-0.13	1	0.0	0.0	0.0
0.12	-0.13	2	0.0	0.0	0.0
0.12	-0.13	3	0.059659243	0.2803188	0.16998902
0.12	-0.13	4	0.0	0.13844877	0.06922439
0.12	-0.13	5	0.0	0.0	0.0
0.12	-0.13	6	0.0	0.0	0.0
0.12	-0.12	0	0.0	0.0	0.0
0.12	-0.12	1	0.0	0.0	0.0
0.12	-0.12	2	0.0	0.0	0.0
0.12	-0.12	3	0.05153632	0.24857473	0.15005553
0.12	-0.12	4	0.0	0.12510394	0.06255197
0.12	-0.12	5	0.0	0.0	0.0
0.12	-0.12	6	0.0	0.0	0.0
0.12	-0.11	0	0.0	0.0	0.0
0.12	-0.11	1	0.0	0.0	0.0
0.12	-0.11	2	0.0	0.0	0.0
0.12	-0.11	3	0.04515779	0.22122198	0.13318989
0.12	-0.11	4	0.0	0.15633465	0.07816733
0.12	-0.11	5	0.0	0.0	0.0
0.12	-0.11	6	0.0	0.0	0.0
0.12	-0.1	0	0.0	0.0	0.0
0.12	-0.1	1	0.0	0.0	0.0
0.12	-0.1	2	0.0	0.0	0.0
0.12	-0.1	3	0.040017545	0.19716722	0.11859238
0.12	-0.1	4	0.0	0.19823019	0.099115096
0.12	-0.1	5	0.0	0.0	0.0
0.12	-0.1	6	0.0	0.0	0.0
0.12	-0.09	0	0.0	0.0	0.0
0.12	-0.09	1	0.0	0.0	0.0
0.12	-0.09	2	0.0	0.0	0.0
0.12	-0.09	3	0.035604894	0.17660761	0.10610625
0.12	-0.09	4	0.0	0.23873638	0.11936819
0.12	-0.09	5	0.0	0.0	0.0
0.12	-0.09	6	0.0	0.0	0.0
0.12	-0.08	0	0.0	0.0	0.0
0.12	-0.08	1	0.0	0.0	0.0
0.12	-0.08	2	0.0	0.0	0.0
0.12	-0.08	3	0.03190756	0.15884826	0.09537791
0.12	-0.08	4	0.0	0.27558523	0.13779262
0.12	-0.08	5	0.0	0.04129867	0.020649334
0.12	-0.08	6	0.0	0.0	0.0
0.12	-0.07	0	0.0	0.0	0.0
0.12	-0.07	1	0.0	0.0	0.0
0.12	-0.07	2	0.08020148	0.0	0.04010074
0.12	-0.07	3	0.028755128	0.1432972	0.08602616
0.12	-0.07	4	0.0	0.30624068	0.15312034
0.12	-0.07	5	0.0	0.114449546	0.057224773
0.12	-0.07	6	0.0	0.0	0.0
0.12	-0.06	0	0.0	0.0	0.0
0.12	-0.06	1	0.0065734303	0.0	0.0032867151
0.12	-0.06	2	0.18574485	0.0	0.092872426
0.12	-0.06	3	0.026040792	0.12980631	0.07792355
0.12	-0.06	4	0.0	0.3306928	0.1653464
0.12	-0.06	5	0.0	0.18715097	0.093575485
0.12	-0.06	6	0.0	0.0	0.0
0.12	-0.05	0	0.0	0.0	0.0
0.12	-0.05	1	0.10250042	0.0	0.05125021
0.12	-0.05	2	0.25836116	0.0	0.12918058
0.12	-0.05	3	0.033017755	0.1182358	0.075626776
0.12	-0.05	4	0.0	0.35007232	0.17503616
0.12	-0.05	5	0.0	0.24763955	0.123819776
0.12	-0.05	6	0.0	0.0	0.0
0.12	-0.04	0	0.0	0.0	0.0
0.12	-0.04	1	0.18274252	0.0	0.09137126
0.12	-0.04	2	0.30691522	0.0	0.15345761
0.12	-0.04	3	0.04665774	0.10273859	0.074698165
0.12	-0.04	4	0.0	0.36573666	0.18286833
0.12	-0.04	5	0.0	0.2941365	0.14706825
0.12	-0.04	6	0.0	0.07822028	0.03911014
0.12	-0.03	0	0.1469246	-0.00041031837	0.07325714
0.12	-0.03	1	0.24884798	-0.00041252375	0.12421773
0.12	-0.03	2	0.3343467	-0.062380016	0.13598335
0.12	-0.03	3	0.05091369	0.09154633	0.07123001
0.12	-0.03	4	-0.16012198	0.37871742	0.10929772
0.12	-0.03	5	-0.01950568	0.3300218	0.15525806
0.12	-0.03	6	0.0	0.20188212	0.10094106
0.12	-0.02	0	0.26369488	-0.00307405	0.13031042
0.12	-0.02	1	0.30597445	-0.10303843	0.10146801
0.12	-0.02	2	0.36043707	-0.18381274	0.088312164
0.12	-0.02	3	0.052161276	0.07250908	0.06233518
0.12	-0.02	4	-0.26480454	0.35919908	0.047197267
0.12	-0.02	5	-0.21339011	0.3187516	0.052680746
0.12	-0.02	6	-0.090471625	0.20060745	0.05506791
0.12	-0.01	0	0.3323225	-0.25515586	0.038583323
0.12	-0.01	1	0.3551963	-0.37855566	-0.011679679
0.12	-0.01	2	0.38531408	-0.40190434	-0.008295134
0.12	-0.01	3	-0.057030022	0.080153346	0.011561662
0.12	-0.01	4	-0.3352574	0.33107632	-0.0020905435
0.12	-0.01	5	-0.28366518	0.3163609	0.016347855
0.12	-0.01	6	-0.2507077	0.2309983	-0.009854697
0.12	0.0	0	0.3488085	-0.30787325	0.020467624
0.12	0.0	1	0.35280782	-0.32594514	0.01343134
0.12	0.0	2	0.35072374	-0.32597667	0.012373537
0.12	0.0	3	-0.009762347	0.079571724	0.03490469
0.12	0.0	4	-0.3505913	0.35732505	0.0033668727
0.12	0.0	5	-0.32023484	0.3455112	0.012638181
0.12	0.0	6	-0.29129064	0.30804092	0.008375138
0.13	-0.15	0	0.0	0.0	0.0
0.13	-0.15	1	0.0	0.0	0.0
0.13	-0.15	2	0.0	0.0	0.0
0.13	-0.15	3	0.08909422	0.36389825	0.22649623
0.13	-0.15	4	0.0	0.522689	0.2613445
0.13	-0.15	5	0.0	0.0	0.0
0.13	-0.15	6	0.0	0.0	0.0
0.13	-0.14	0	0.0	0.0	0.0
0.13	-0.14	1	0.0	0.0	0.0
0.13	-0.14	2	0.0	0.0	0.0
0.13	-0.14	3	0.07361841	0.33453918	0.2040788
0.13	-0.14	4	0.0	0.33502132	0.16751066
0.13	-0.14	5	0.0	0.0	0.0
0.13	-0.14	6	0.0	0.0	0.0
0.13	-0.13	0	0.0	0.0	0.0
0.13	-0.13	1	0.0	0.0	0.0
0.13	-0.13	2	0.0	0.0	0.0
0.13	-0.13	3	0.062333107	0.3028614	0.18259725
0.13	-0.13	4	0.0	0.25337088	0.12668544
0.13	-0.13	5	0.0	0.0	0.0
0.13	-0.13	6	0.0	0.0	0.0
0.13	-0.12	0	0.0	0.0	0.0
0.13	-0.12	1	0.0	0.0	0.0
0.13	-0.12	2	0.0	0.0	0.0
0.13	-0.12	3	0.05380106	0.27111986	0.16246046
0.13	-0.12	4	0.0	0.22711341	0.113556705
0.13	-0.12	5	0.0	0.0	0.0
0.13	-0.12	6	0.0	0.0	0.0
0.13	-0.11	0	0.0	0.0	0.0
0.13	-0.11	1	0.0	0.0	0.0
0.13	-0.11	2	0.0	0.0	0.0
0.13	-0.11	3	0.047134817	0.24320206	0.14516844
0.13	-0.11	4	0.0	0.24174047	0.12087023
0.13	-0.11	5	0.0	0.0	0.0
0.13	-0.11	6	0.0	0.0	0.0
0.13	-0.1	0	0.0	0.0	0.0
0.13	-0.1	1	0.0	0.0	0.0
0.13	-0.1	2	0.0	0.0	0.0
0.13	-0.1	3	0.04176706	0.21854952	0.13015829
0.13	-0.1	4	0.0	0.26744366	0.13372183
0.13	-0.1	5	0.0	0.0	0.0
0.13	-0.1	6	0.0	0.0	0.0
0.13	-0.09	0	0.0	0.0	0.0
0.13	-0.09	1	0.0	0.0	0.0
0.13	-0.09	2	0.0	0.0	0.0
0.13	-0.09	3	0.037178993	0.19711861	0.1171488
0.13	-0.09	4	0.0	0.29468063	0.14734031
0.13	-0.09	5	0.0	0.029731264	0.014865632
0.13	-0.09	6	0.0	0.0	0.0
0.13	-0.08	0	0.0	0.0	0.0
0.13	-0.08	1	0.0	0.0	0.0
0.13	-0.08	2	0.02072522	0.0	0.01036261
0.13	-0.08	3	0.03332454	0.17828396	0.10580425
0.13	-0.08	4	0.0	0.3201473	0.16007365
0.13	-0.08	5	0.0	0.09619914	0.04809957
0.13	-0.08	6	0.0	0.0	0.0
0.13	-0.07	0	0.0	0.0	0.0
0.13	-0.07	1	0.0	0.0	0.0
0.13	-0.07	2	0.14276828	0.0	0.07138414
0.13	-0.07	3	0.03001982	0.1616055	0.09581266
0.13	-0.07	4	0.0	0.34172603	0.17086302
0.13	-0.07	5	0.0	0.16886932	0.08443466
0.13	-0.07	6	0.0	0.0	0.0
0.13	-0.06	0	0.0	0.0	0.0
0.13	-0.06	1	0.04555495	0.0	0.022777475
0.13	-0.06	2	0.23314363	0.0	0.116571814
0.13	-0.06	3	0.037220478	0.14710724	0.09216386
0.13	-0.06	4	0.0	0.35928425	0.17964213
0.13	-0.06	5	0.0	0.23391284	0.11695642
0.13	-0.06	6	0.0	0.0	0.0
0.13	-0.05	0	0.0	0.0	0.0
0.13	-0.05	1	0.14142646	0.0	0.07071323
0.13	-0.05	2	0.29344678	0.0	0.14672339
0.13	-0.05	3	0.062487423	0.13420957	0.0983485
0.13	-0.05	4	0.0	0.37359324	0.18679662
0.13	-0.05	5	0.0	0.28568685	0.14284343
0.13	-0.05	6	0.0	0.0018923106	0.0009461553
0.13	-0.04	0	0.01133343	0.0	0.005666715
0.13	-0.04	1	0.20990133	0.0	0.10495067
0.13	-0.04	2	0.32883742	0.0	0.16441871
0.13	-0.04	3	0.066670775	0.11661571	0.091643244
0.13	-0.04	4	-0.025262356	0.38540176	0.1800697
0.13	-0.04	5	0.0	0.32644334	0.16322167
0.13	-0.04	6	0.0	0.16673538	0.08336769
0.13	-0.03	0	0.18267265	-0.00091838837	0.09087713
0.13	-0.03	1	0.27571583	-0.007604003	0.13405591
0.13	-0.03	2	0.35269776	-0.09470892	0.12899442
0.13	-0.03	3	0.06757051	0.10471329	0.0861419
0.13	-0.03	4	-0.20139956	0.39554286	0.09707165
0.13	-0.03	5	-0.079304874	0.3548149	0.137755
0.13	-0.03	6	0.0	0.20447521	0.102237605
0.13	-0.02	0	0.29686126	-0.0041955113	0.14633287
0.13	-0.02	1	0.328648	-0.13958758	0.09453021
0.13	-0.02	2	0.37661988	-0.2563606	0.060129642
0.13	-0.02	3	-0.023533463	0.073891014	0.025178775
0.13	-0.02	4	-0.29052114	0.3526552	0.031067029
0.13	-0.02	5	-0.23833674	0.323363	0.042513132
0.13	-0.02	6	-0.12252247	0.20707214	0.042274833
0.13	-0.01	0	0.3466943	-0.33875042	0.0039719343
0.13	-0.01	1	0.36853862	-0.40648746	-0.018974423
0.13	-0.01	2	0.3980368	-0.42046708	-0.011215135
0.13	-0.01	3	-0.108752966	0.1206176	0.005932316
0.13	-0.01	4	-0.3535509	0.33403862	-0.009756148
0.13	-0.01	5	-0.2968865	0.3212384	0.012175947
0.13	-0.01	6	-0.26196015	0.23997943	-0.010990359
0.13	0.0	0	0.31323314	-0.28462785	0.014302641
0.13	0.0	1	0.31888685	-0.29441547	0.012235686
0.13	0.0	2	0.31775331	-0.2946648	0.011544257
0.13	0.0	3	0.0031582713	0.041834116	0.022496194
0.13	0.0	4	-0.3616765	0.35800433	-0.0018360913
0.13	0.0	5	-0.3350255	0.34903306	0.007003784
0.13	0.0	6	-0.30446112	0.3218668	0.008702844
0.14	-0.15	0	0.0	0.0	0.0
0.14	-0.15	1	0.0	0.0	0.0
0.14	-0.15	2	0.0	0.0	0.0
0.14	-0.15	3	0.09312999	0.37741026	0.23527013
0.14	-0.15	4	0.0	0.6019863	0.30099314
0.14	-0.15	5	0.0	0.0	0.0
0.14	-0.15	6	0.0	0.0	0.0
0.14	-0.14	0	0.0	0.0	0.0
0.14	-0.14	1	0.0	0.0	0.0
0.14	-0.14	2	0.0	0.0	0.0
0.14	-0.14	3	0.076789856	0.3487187	0.21275428
0.14	-0.14	4	0.0	0.42543364	0.21271682
0.14	-0.14	5	0.0	0.0	0.0
0.14	-0.14	6	0.0	0.0	0.0
0.14	-0.13	0	0.0	0.0	0.0
0.14	-0.13	1	0.0	0.0	0.0
0.14	-0.13	2	0.0	0.0	0.0
0.14	-0.13	3	0.064953804	0.31885648	0.19190514
0.14	-0.13	4	0.0	0.340716	0.170358
0.14	-0.13	5	0.0	0.0	0.0
0.14	-0.13	6	0.0	0.0	0.0
0.14	-0.12	0	0.0	0.0	0.0
0.14	-0.12	1	0.0	0.0	0.0
0.14	-0.12	2	0.0	0.0	0.0
0.14	-0.12	3	0.05602157	0.28773087	0.17187622
0.14	-0.12	4	0.0	0.30694813	0.15347406
0.14	-0.12	5	0.0	0.0	0.0
0.14	-0.12	6	0.0	0.0	0.0
0.14	-0.11	0	0.0	0.0	0.0
0.14	-0.11	1	0.0	0.0	0.0
0.14	-0.11	2	0.0	0.0	0.0
0.14	-0.11	3	0.04907441	0.25973475	0.15440458
0.14	-0.11	4	0.0	0.30801213	0.15400606
0.14	-0.11	5	0.0	0.0	0.0
0.14	-0.11	6	0.0	0.0	0.0
0.14	-0.1	0	0.0	0.0	0.0
0.14	-0.1	1	0.0	0.0	0.0
0.14	-0.1	2	0.0	0.0	0.0
0.14	-0.1	3	0.0434981	0.23485237	0.13917524
0.14	-0.1	4	0.0	0.32158265	0.16079132
0.14	-0.1	5	0.0	0.02500337	0.012501685
0.14	-0.1	6	0.0	0.0	0.0
0.14	-0.09	0	0.0	0.0	0.0
0.14	-0.09	1	0.0	0.0	0.0
0.14	-0.09	2	0.0	0.0	0.0
0.14	-0.09	3	0.038737297	0.21292424	0.12583077
0.14	-0.09	4	0.0	0.33843398	0.16921699
0.14	-0.09	5	0.0	0.08315085	0.041575424
0.14	-0.09	6	0.0	0.0	0.0
0.14	-0.08	0	0.0	0.0	0.0
0.14	-0.08	1	0.0	0.0	0.0
0.14	-0.08	2	0.08709904	0.0	0.04354952
0.14	-0.08	3	0.034694493	0.19345179	0.11407314
0.14	-0.08	4	0.0	0.35533515	0.17766757
0.14	-0.08	5	0.0	0.15163267	0.07581633
0.14	-0.08	6	0.0	0.0	0.0
0.14	-0.07	0	0.0	0.0	0.0
0.14	-0.07	1	0.0	0.0	0.0
0.14	-0.07	2	0.19729531	0.0	0.098647654
0.14	-0.07	3	0.036839485	0.17616794	0.10650371
0.14	-0.07	4	0.0	0.37014627	0.18507314
0.14	-0.07	5	0.0	0.21964656	0.10982328
0.14	-0.07	6	0.0	0.0	0.0
0.14	-0.06	0	0.0	0.0	0.0
0.14	-0.06	1	0.08804617	0.0	0.044023085
0.14	-0.06	2	0.2745409	0.0	0.13727045
0.14	-0.06	3	0.070739806	0.16102731	0.11588356
0.14	-0.06	4	0.0	0.3825812	0.1912906
0.14	-0.06	5	0.0	0.276099	0.1380495
0.14	-0.06	6	0.0	0.0	0.0
0.14	-0.05	0	0.0	0.0	0.0
0.14	-0.05	1	0.17559429	0.0	0.08779714
0.14	-0.05	2	0.32343113	0.0	0.16171557
0.14	-0.05	3	0.08433741	0.1465353	0.11543636
0.14	-0.05	4	0.0	0.393065	0.1965325
0.14	-0.05	5	0.0	0.32250896	0.16125448
0.14	-0.05	6	0.0	0.0246879	0.01234395
0.14	-0.04	0	0.045837022	0.0	0.022918511
0.14	-0.04	1	0.23525245	0.0	0.11762623
0.14	-0.04	2	0.3472712	0.0	0.1736356
0.14	-0.04	3	0.083440125	0.12881297	0.10612655
0.14	-0.04	4	-0.07926136	0.40191954	0.16132909
0.14	-0.04	5	0.0	0.35366297	0.17683148
0.14	-0.04	6	0.0	0.23779278	0.11889639
0.14	-0.03	0	0.21565032	-0.0014055371	0.10712239
0.14	-0.03	1	0.29922232	-0.022128224	0.13854705
0.14	-0.03	2	0.36873382	-0.1227712	0.12298131
0.14	-0.03	3	0.060430408	0.13641936	0.09842488
0.14	-0.03	4	-0.234168	0.4095833	0.08770765
0.14	-0.03	5	-0.13109744	0.3678615	0.11838204
0.14	-0.03	6	0.0	0.20368402	0.10184201
0.14	-0.02	0	0.32439017	-0.008031368	0.1581794
0.14	-0.02	1	0.3530205	-0.25435883	0.04933083
0.14	-0.02	2	0.39275545	-0.37459433	0.009080559
0.14	-0.02	3	-0.08964068	0.104489684	0.0074245036
0.14	-0.02	4	-0.31687093	0.34768906	0.015409067
0.14	-0.02	5	-0.25815767	0.3261001	0.03397122
0.14	-0.02	6	-0.15022969	0.21372382	0.031747065
0.14	-0.01	0	0.35206208	-0.3915193	-0.019728616
0.14	-0.01	1	0.3782545	-0.4219675	-0.021856502
0.14	-0.01	2	0.40719032	-0.43205392	-0.0124318
0.14	-0.01	3	-0.13746166	0.14247599	0.002507165
0.14	-0.01	4	-0.36609823	0.33623546	-0.014931381
0.14	-0.01	5	-0.31139123	0.32424417	0.0064264685
0.14	-0.01	6	-0.26516837	0.24774566	-0.008711353
0.14	0.0	0	0.2695037	-0.26065344	0.0044251382
0.14	0.0	1	0.27622953	-0.26685625	0.0046866387
0.14	0.0	2	0.2776482	-0.26843387	0.004607171
0.14	0.0	3	0.011110902	0.012558788	0.011834845
0.14	0.0	4	-0.36908174	0.36149862	-0.0037915558
0.14	0.0	5	-0.34462845	0.3520467	0.0037091225
0.14	0.0	6	-0.3111645	0.33884853	0.013842016
0.15	-0.15	0	0.0	0.0	0.0
0.15	-0.15	1	0.0	0.0	0.0
0.15	-0.15	2	0.0	0.0	0.0
0.15	-0.15	3	0.097108305	0.387746	0.24242716
0.15	-0.15	4	0.0	0.65781397	0.32890698
0.15	-0.15	5	0.0	0.0	0.0
0.15	-0.15	6	0.0	0.0	0.0
0.15	-0.14	0	0.0	0.0	0.0
0.15	-0.14	1	0.0	0.0	0.0
0.15	-0.14	2	0.0	0.0	0.0
0.15	-0.14	3	0.07991618	0.35931763	0.2196169
0.15	-0.14	4	0.0	0.4917399	0.24586995
0.15	-0.14	5	0.0	0.0	0.0
0.15	-0.14	6	0.0	0.0	0.0
0.15	-0.13	0	0.0	0.0	0.0
0.15	-0.13	1	0.0	0.0	0.0
0.15	-0.13	2	0.0	0.0	0.0
0.15	-0.13	3	0.067532	0.33061647	0.19907424
0.15	-0.13	4	0.0	0.40450853	0.20225427
0.15	-0.13	5	0.0	0.0	0.0
0.15	-0.13	6	0.0	0.0	0.0
0.15	-0.12	0	0.0	0.0	0.0
0.15	-0.12	1	0.0	0.0	0.0
0.15	-0.12	2	0.0	0.0	0.0
0.15	-0.12	3	0.058208168	0.30041307	0.17931062
0.15	-0.12	4	0.0	0.36670426	0.18335213
0.15	-0.12	5	0.0	0.0006273043	0.00031365216
0.15	-0.12	6	0.0	0.0	0.0
0.15	-0.11	0	0.0	0.0	0.0
0.15	-0.11	1	0.0	0.0	0.0
0.15	-0.11	2	0.0	0.0	0.0
0.15	-0.11	3	0.05098927	0.27251235	0.16175081
0.15	-0.11	4	0.0	0.35839963	0.17919981
0.15	-0.11	5	0.0	0.028344339	0.014172169
0.15	-0.11	6	0.0	0.0	0.0
0.15	-0.1	0	0.0	0.0	0.0
0.15	-0.1	1	0.0	0.0	0.0
0.15	-0.1	2	0.0	0.0	0.0
0.15	-0.1	3	0.045181155	0.24756432	0.14637274
0.15	-0.1	4	0.0	0.36327276	0.18163638
0.15	-0.1	5	0.0	0.07738044	0.03869022
0.15	-0.1	6	0.0	0.0	0.0
0.15	-0.09	0	0.0	0.0	0.0
0.15	-0.09	1	0.0	0.0	0.0
0.15	-0.09	2	0.022747394	0.0	0.011373697
0.15	-0.09	3	0.04024285	0.22534654	0.1327947
0.15	-0.09	4	0.0	0.372679	0.1863395
0.15	-0.09	5	0.0	0.13898419	0.069492094
0.15	-0.09	6	0.0	0.0	0.0
0.15	-0.08	0	0.0	0.0	0.0
0.15	-0.08	1	0.0	0.0	0.0
0.15	-0.08	2	0.15075846	0.0	0.07537923
0.15	-0.08	3	0.036016643	0.20554191	0.120779276
0.15	-0.08	4	0.0	0.38324922	0.19162461
0.15	-0.08	5	0.0	0.20494348	0.10247174
0.15	-0.08	6	0.0	0.0	0.0
0.15	-0.07	0	0.0	0.0	0.0
0.15	-0.07	1	0.02852323	0.0	0.014261615
0.15	-0.07	2	0.24497566	0.0	0.12248783
0.15	-0.07	3	0.075285316	0.18794832	0.13161682
0.15	-0.07	4	0.0	0.39306343	0.19653171
0.15	-0.07	5	0.0	0.26584452	0.13292226
0.15	-0.07	6	0.0	0.0	0.0
0.15	-0.06	0	0.0	0.0	0.0
0.15	-0.06	1	0.12775454	0.0	0.06387727
0.15	-0.06	2	0.30975395	0.0	0.15487698
0.15	-0.06	3	0.09641838	0.17240515	0.13441177
0.15	-0.06	4	0.0	0.40171888	0.20085944
0.15	-0.06	5	0.0	0.31786275	0.15893137
0.15	-0.06	6	0.0	0.0	0.0
0.15	-0.05	0	0.0	0.0	0.0
0.15	-0.05	1	0.2036442	0.0	0.1018221
0.15	-0.05	2	0.34764978	0.0	0.17382489
0.15	-0.05	3	0.10069215	0.15649855	0.12859535
0.15	-0.05	4	0.0	0.40925133	0.20462567
0.15	-0.05	5	0.0	0.35251543	0.17625771
0.15	-0.05	6	0.0	0.09382792	0.04691396
0.15	-0.04	0	0.08709446	-0.00024229288	0.043426085
0.15	-0.04	1	0.26351058	-0.00024354458	0.13163352
0.15	-0.04	2	0.3632771	-0.00041782856	0.18142964
0.15	-0.04	3	0.09764153	0.13902879	0.11833516
0.15	-0.04	4	-0.13336712	0.41584176	0.14123732
0.15	-0.04	5	0.0	0.37593183	0.18796591
0.15	-0.04	6	0.0	0.24412051	0.122060254
0.15	-0.03	0	0.24740984	-0.0020103455	0.122699745
0.15	-0.03	1	0.3198816	-0.041006327	0.13943763
0.15	-0.03	2	0.38291368	-0.1479286	0.11749254
0.15	-0.03	3	-0.042676747	0.23104051	0.09418188
0.15	-0.03	4	-0.2583835	0.40680292	0.074209705
0.15	-0.03	5	-0.16433084	0.35205916	0.09386416
0.15	-0.03	6	0.0	0.20682308	0.10341154
0.15	-0.02	0	0.34491438	-0.1030882	0.12091309
0.15	-0.02	1	0.3714105	-0.38958037	-0.00908494
0.15	-0.02	2	0.40673634	-0.42372376	-0.008493707
0.15	-0.02	3	-0.12600857	0.12152618	-0.0022411942
0.15	-0.02	4	-0.3399549	0.34396648	0.0020057857
0.15	-0.02	5	-0.27532035	0.32720023	0.025939941
0.15	-0.02	6	-0.17428106	0.22112216	0.02342055
0.15	-0.01	0	0.3628811	-0.41268903	-0.024903968
0.15	-0.01	1	0.387736	-0.43293297	-0.02259849
0.15	-0.01	2	0.41360134	-0.44123954	-0.0138190985
0.15	-0.01	3	-0.15265268	0.15458167	0.00096449256
0.15	-0.01	4	-0.3706711	0.33745962	-0.016605735
0.15	-0.01	5	-0.31873852	0.32534856	0.003305018
0.15	-0.01	6	-0.26327568	0.25393084	-0.004672423
0.15	0.0	0	0.22845803	-0.23686486	-0.0042034164
0.15	0.0	1	0.23568909	-0.2437005	-0.004005708
0.15	0.0	2	0.24144703	-0.24854904	-0.0035510063
0.15	0.0	3	0.018937945	-0.0055423677	0.006697789
0.15	0.0	4	-0.3734362	0.36852497	-0.002455622
0.15	0.0	5	-0.34816784	0.3567444	0.004288286
0.15	0.0	6	-0.3093546	0.3557354	0.023190394