Participant_Index	Noise_LOC	Reaction_Time	Accuracy
0	0	40.313131313131315	0.9339622641509434
0	0.01	41.26262626262626	0.9339622641509434
0	0.02	45.73056994818653	0.910377358490566
0	0.03	57.38095238095238	0.7924528301886793
0	0.04	62.467213114754095	0.5754716981132075
0	0.05	68.12359550561797	0.419811320754717
0	0.06	72.40845070422536	0.33490566037735847
0	0.07	73.16363636363636	0.25943396226415094
0	0.08	74.625	0.22641509433962265
0	0.09	70.79411764705883	0.16037735849056603
0	0.1	69.625	0.11320754716981132
0	0.11	71.38461538461539	0.12264150943396226
0	0.12	70.4	0.09433962264150944
0	0.13	73.77272727272727	0.10377358490566038
0	0.14	63.22222222222222	0.08490566037735849
0	0.15	60.46153846153846	0.06132075471698113
1	0	40.313131313131315	0.9339622641509434
1	0.01	40.878787878787875	0.9339622641509434
1	0.02	45.75257731958763	0.9150943396226415
1	0.03	56.765060240963855	0.7830188679245284
1	0.04	65.1171875	0.6037735849056604
1	0.05	67.85858585858585	0.4669811320754717
1	0.06	72.59722222222223	0.33962264150943394
1	0.07	75.27450980392157	0.24056603773584906
1	0.08	72.11111111111111	0.16981132075471697
1	0.09	71.81818181818181	0.15566037735849056
1	0.1	61.833333333333336	0.11320754716981132
1	0.11	67.8	0.1179245283018868
1	0.12	69.69565217391305	0.10849056603773585
1	0.13	66.76190476190476	0.09905660377358491
1	0.14	67.5	0.07547169811320754
1	0.15	70.125	0.07547169811320754
2	0	40.313131313131315	0.9339622641509434
2	0.01	41.21212121212121	0.9339622641509434
2	0.02	46.60204081632653	0.9245283018867925
2	0.03	56.75460122699386	0.7688679245283019
2	0.04	64.45967741935483	0.5849056603773585
2	0.05	68.2	0.42452830188679247
2	0.06	71.15942028985508	0.32547169811320753
2	0.07	71.51851851851852	0.25471698113207547
2	0.08	72.4390243902439	0.19339622641509435
2	0.09	73.325	0.18867924528301888
2	0.1	73.3	0.18867924528301888
2	0.11	66.96	0.1179245283018868
2	0.12	66.47826086956522	0.10849056603773585
2	0.13	64.94444444444444	0.08490566037735849
2	0.14	68.88888888888889	0.08490566037735849
2	0.15	60.8235294117647	0.08018867924528301
3	0	40.313131313131315	0.9339622641509434
3	0.01	41.95477386934673	0.9386792452830188
3	0.02	45.94871794871795	0.9198113207547169
3	0.03	56.51234567901235	0.7641509433962265
3	0.04	63.84126984126984	0.5943396226415094
3	0.05	69.3913043478261	0.4339622641509434
3	0.06	71.01408450704226	0.33490566037735847
3	0.07	73.12	0.2358490566037736
3	0.08	72.5909090909091	0.20754716981132076
3	0.09	69.08823529411765	0.16037735849056603
3	0.1	69.64285714285714	0.1320754716981132
3	0.11	73.14285714285714	0.1320754716981132
3	0.12	73.21739130434783	0.10849056603773585
3	0.13	72.44444444444444	0.08490566037735849
3	0.14	65.29411764705883	0.08018867924528301
3	0.15	69.6470588235294	0.08018867924528301
4	0	40.313131313131315	0.9339622641509434
4	0.01	41.64321608040201	0.9386792452830188
4	0.02	45.48969072164948	0.9150943396226415
4	0.03	56.23030303030303	0.7783018867924528
4	0.04	64.09836065573771	0.5754716981132075
4	0.05	68.8913043478261	0.4339622641509434
4	0.06	70.38571428571429	0.330188679245283
4	0.07	73.48076923076923	0.24528301886792453
4	0.08	68.61111111111111	0.16981132075471697
4	0.09	69.10344827586206	0.13679245283018868
4	0.1	71.33333333333333	0.12735849056603774
4	0.11	68.85185185185185	0.12735849056603774
4	0.12	67.25	0.09433962264150944
4	0.13	66.6	0.09433962264150944
4	0.14	66.05263157894737	0.08962264150943396
4	0.15	66.53333333333333	0.07075471698113207
5	0	40.313131313131315	0.9339622641509434
5	0.01	41.89949748743719	0.9386792452830188
5	0.02	45.603092783505154	0.9150943396226415
5	0.03	56.674698795180724	0.7830188679245284
5	0.04	65.16935483870968	0.5849056603773585
5	0.05	65.42222222222222	0.42452830188679247
5	0.06	70.3529411764706	0.32075471698113206
5	0.07	69.82352941176471	0.24056603773584906
5	0.08	71.97368421052632	0.1792452830188679
5	0.09	74.175	0.18867924528301888
5	0.1	71.35483870967742	0.14622641509433962
5	0.11	65.95	0.09433962264150944
5	0.12	64.83333333333333	0.08490566037735849
5	0.13	67.55	0.09433962264150944
5	0.14	70.65	0.09433962264150944
5	0.15	69.5	0.08490566037735849
6	0	40.313131313131315	0.9339622641509434
6	0.01	41.91959798994975	0.9386792452830188
6	0.02	45.72680412371134	0.9150943396226415
6	0.03	55.41317365269461	0.7877358490566038
6	0.04	64.89922480620154	0.6084905660377359
6	0.05	67.66292134831461	0.419811320754717
6	0.06	70.66666666666667	0.33962264150943394
6	0.07	75.31481481481481	0.25471698113207547
6	0.08	74.1875	0.22641509433962265
6	0.09	72.64864864864865	0.17452830188679244
6	0.1	73.39285714285714	0.1320754716981132
6	0.11	70.0	0.10849056603773585
6	0.12	71.61111111111111	0.08490566037735849
6	0.13	72.0952380952381	0.09905660377358491
6	0.14	71.89473684210526	0.08962264150943396
6	0.15	66.86666666666666	0.07075471698113207
7	0	40.313131313131315	0.9339622641509434
7	0.01	41.56060606060606	0.9339622641509434
7	0.02	45.41450777202073	0.910377358490566
7	0.03	57.0	0.7735849056603774
7	0.04	64.736	0.589622641509434
7	0.05	68.16842105263157	0.4481132075471698
7	0.06	71.94029850746269	0.3160377358490566
7	0.07	73.13207547169812	0.25
7	0.08	72.975	0.18867924528301888
7	0.09	69.28125	0.1509433962264151
7	0.1	72.32352941176471	0.16037735849056603
7	0.11	64.43478260869566	0.10849056603773585
7	0.12	71.45	0.09433962264150944
7	0.13	73.23809523809524	0.09905660377358491
7	0.14	65.0	0.08018867924528301
7	0.15	70.1875	0.07547169811320754
8	0	40.313131313131315	0.9339622641509434
8	0.01	40.96969696969697	0.9339622641509434
8	0.02	45.6839378238342	0.910377358490566
8	0.03	57.61077844311377	0.7877358490566038
8	0.04	64.31746031746032	0.5943396226415094
8	0.05	67.23863636363636	0.41509433962264153
8	0.06	74.68493150684931	0.3443396226415094
8	0.07	74.08771929824562	0.2688679245283019
8	0.08	74.24444444444444	0.21226415094339623
8	0.09	74.61538461538461	0.18396226415094338
8	0.1	70.71428571428571	0.1320754716981132
8	0.11	69.93333333333334	0.14150943396226415
8	0.12	66.35	0.09433962264150944
8	0.13	68.78260869565217	0.10849056603773585
8	0.14	67.41176470588235	0.08018867924528301
8	0.15	72.2	0.07075471698113207
9	0	40.313131313131315	0.9339622641509434
9	0.01	41.26767676767677	0.9339622641509434
9	0.02	45.26424870466321	0.910377358490566
9	0.03	56.536144578313255	0.7830188679245284
9	0.04	64.08333333333333	0.5660377358490566
9	0.05	69.14285714285714	0.42924528301886794
9	0.06	70.44594594594595	0.3490566037735849
9	0.07	71.98076923076923	0.24528301886792453
9	0.08	73.45	0.18867924528301888
9	0.09	75.6842105263158	0.1792452830188679
9	0.1	76.08571428571429	0.1650943396226415
9	0.11	73.3225806451613	0.14622641509433962
9	0.12	59.5625	0.07547169811320754
9	0.13	64.38095238095238	0.09905660377358491
9	0.14	62.26315789473684	0.08962264150943396
9	0.15	67.5625	0.07547169811320754
10	0	40.313131313131315	0.9339622641509434
10	0.01	41.08080808080808	0.9339622641509434
10	0.02	45.29381443298969	0.9150943396226415
10	0.03	57.28484848484848	0.7783018867924528
10	0.04	63.422764227642276	0.5801886792452831
10	0.05	68.48351648351648	0.42924528301886794
10	0.06	68.7936507936508	0.2971698113207547
10	0.07	74.0909090909091	0.25943396226415094
10	0.08	71.97674418604652	0.2028301886792453
10	0.09	71.25806451612904	0.14622641509433962
10	0.1	73.63888888888889	0.16981132075471697
10	0.11	67.31818181818181	0.10377358490566038
10	0.12	68.0909090909091	0.10377358490566038
10	0.13	70.0	0.10849056603773585
10	0.14	65.66666666666667	0.07075471698113207
10	0.15	63.9375	0.07547169811320754
11	0	40.313131313131315	0.9339622641509434
11	0.01	41.5929648241206	0.9386792452830188
11	0.02	45.36082474226804	0.9150943396226415
11	0.03	56.00609756097561	0.7735849056603774
11	0.04	64.4724409448819	0.5990566037735849
11	0.05	67.58333333333333	0.4528301886792453
11	0.06	71.93150684931507	0.3443396226415094
11	0.07	73.79310344827586	0.27358490566037735
11	0.08	76.0	0.18867924528301888
11	0.09	73.05882352941177	0.16037735849056603
11	0.1	68.27586206896552	0.13679245283018868
11	0.11	70.72413793103448	0.13679245283018868
11	0.12	65.30434782608695	0.10849056603773585
11	0.13	62.72222222222222	0.08490566037735849
11	0.14	68.17647058823529	0.08018867924528301
11	0.15	63.07692307692308	0.06132075471698113
12	0	40.313131313131315	0.9339622641509434
12	0.01	41.391959798994975	0.9386792452830188
12	0.02	46.1958762886598	0.9150943396226415
12	0.03	56.83734939759036	0.7830188679245284
12	0.04	63.833333333333336	0.6226415094339622
12	0.05	68.15053763440861	0.4386792452830189
12	0.06	72.34246575342466	0.3443396226415094
12	0.07	71.55357142857143	0.2641509433962264
12	0.08	74.3409090909091	0.20754716981132076
12	0.09	76.575	0.18867924528301888
12	0.1	70.53571428571429	0.1320754716981132
12	0.11	71.56	0.1179245283018868
12	0.12	65.23809523809524	0.09905660377358491
12	0.13	69.2	0.09433962264150944
12	0.14	67.05555555555556	0.08490566037735849
12	0.15	68.35714285714286	0.0660377358490566
13	0	40.313131313131315	0.9339622641509434
13	0.01	41.47979797979798	0.9339622641509434
13	0.02	45.6839378238342	0.910377358490566
13	0.03	56.45180722891566	0.7830188679245284
13	0.04	64.04201680672269	0.5613207547169812
13	0.05	68.26373626373626	0.42924528301886794
13	0.06	70.1304347826087	0.32547169811320753
13	0.07	72.22916666666667	0.22641509433962265
13	0.08	71.83333333333333	0.19811320754716982
13	0.09	71.88235294117646	0.16037735849056603
13	0.1	73.96774193548387	0.14622641509433962
13	0.11	70.36363636363636	0.10377358490566038
13	0.12	73.26923076923077	0.12264150943396226
13	0.13	69.57894736842105	0.08962264150943396
13	0.14	68.88888888888889	0.08490566037735849
13	0.15	64.86666666666666	0.07075471698113207
14	0	40.313131313131315	0.9339622641509434
14	0.01	41.27777777777778	0.9339622641509434
14	0.02	45.818652849740936	0.910377358490566
14	0.03	57.03012048192771	0.7830188679245284
14	0.04	62.752066115702476	0.5707547169811321
14	0.05	66.12941176470588	0.4009433962264151
14	0.06	68.97142857142858	0.330188679245283
14	0.07	74.67796610169492	0.2783018867924528
14	0.08	74.82222222222222	0.21226415094339623
14	0.09	71.675	0.18867924528301888
14	0.1	72.25	0.16981132075471697
14	0.11	64.9090909090909	0.10377358490566038
14	0.12	70.23809523809524	0.09905660377358491
14	0.13	67.35	0.09433962264150944
14	0.14	66.72222222222223	0.08490566037735849
14	0.15	71.8125	0.07547169811320754
15	0	40.313131313131315	0.9339622641509434
15	0.01	41.5	0.9339622641509434
15	0.02	46.26424870466321	0.910377358490566
15	0.03	56.68072289156626	0.7830188679245284
15	0.04	63.442622950819676	0.5754716981132075
15	0.05	68.32631578947368	0.4481132075471698
15	0.06	69.98611111111111	0.33962264150943394
15	0.07	72.13559322033899	0.2783018867924528
15	0.08	71.26315789473684	0.1792452830188679
15	0.09	75.10526315789474	0.1792452830188679
15	0.1	76.80555555555556	0.16981132075471697
15	0.11	68.9	0.09433962264150944
15	0.12	72.20833333333333	0.11320754716981132
15	0.13	70.36842105263158	0.08962264150943396
15	0.14	63.55555555555556	0.08490566037735849
15	0.15	56.69230769230769	0.06132075471698113