Participant_Index	Noise_LOC	Reaction_Time	Accuracy
0	0	40.310526315789474	0.8962264150943396
0	0.01	42.036842105263155	0.8962264150943396
0	0.02	48.344086021505376	0.8773584905660378
0	0.03	59.0	0.7405660377358491
0	0.04	64.95283018867924	0.5
0	0.05	67.75	0.3584905660377358
0	0.06	73.46296296296296	0.25471698113207547
0	0.07	73.28947368421052	0.1792452830188679
0	0.08	73.5625	0.1509433962264151
0	0.09	72.92592592592592	0.12735849056603774
0	0.1	67.9047619047619	0.09905660377358491
0	0.11	61.8	0.09433962264150944
0	0.12	67.05882352941177	0.08018867924528301
0	0.13	63.0	0.07547169811320754
0	0.14	55.714285714285715	0.0660377358490566
0	0.15	69.61111111111111	0.08490566037735849
1	0	40.310526315789474	0.8962264150943396
1	0.01	41.34574468085106	0.8867924528301887
1	0.02	47.6968085106383	0.8867924528301887
1	0.03	59.37179487179487	0.7358490566037735
1	0.04	67.08849557522124	0.5330188679245284
1	0.05	69.93506493506493	0.3632075471698113
1	0.06	72.16666666666667	0.25471698113207547
1	0.07	74.17948717948718	0.18396226415094338
1	0.08	69.56666666666666	0.14150943396226415
1	0.09	70.18518518518519	0.12735849056603774
1	0.1	69.0	0.10849056603773585
1	0.11	73.11111111111111	0.08490566037735849
1	0.12	66.41176470588235	0.08018867924528301
1	0.13	71.0	0.07075471698113207
1	0.14	63.46153846153846	0.06132075471698113
1	0.15	52.916666666666664	0.05660377358490566
2	0	40.310526315789474	0.8962264150943396
2	0.01	41.7989417989418	0.8915094339622641
2	0.02	47.80748663101604	0.8820754716981132
2	0.03	58.388535031847134	0.7405660377358491
2	0.04	63.42307692307692	0.49056603773584906
2	0.05	67.63513513513513	0.3490566037735849
2	0.06	69.9375	0.22641509433962265
2	0.07	71.61538461538461	0.18396226415094338
2	0.08	70.8125	0.1509433962264151
2	0.09	70.24	0.1179245283018868
2	0.1	64.9047619047619	0.09905660377358491
2	0.11	66.70588235294117	0.08018867924528301
2	0.12	62.875	0.07547169811320754
2	0.13	65.84615384615384	0.06132075471698113
2	0.14	61.4375	0.07547169811320754
2	0.15	62.92307692307692	0.06132075471698113
3	0	40.310526315789474	0.8962264150943396
3	0.01	41.111702127659576	0.8867924528301887
3	0.02	48.27127659574468	0.8867924528301887
3	0.03	59.51948051948052	0.7264150943396226
3	0.04	64.21100917431193	0.5141509433962265
3	0.05	68.13888888888889	0.33962264150943394
3	0.06	73.58333333333333	0.2830188679245283
3	0.07	75.5952380952381	0.19811320754716982
3	0.08	67.30434782608695	0.10849056603773585
3	0.09	70.29629629629629	0.12735849056603774
3	0.1	70.18181818181819	0.10377358490566038
3	0.11	70.42105263157895	0.08962264150943396
3	0.12	63.266666666666666	0.07075471698113207
3	0.13	66.4	0.07075471698113207
3	0.14	62.46153846153846	0.06132075471698113
3	0.15	63.38461538461539	0.06132075471698113
4	0	40.310526315789474	0.8962264150943396
4	0.01	41.27127659574468	0.8867924528301887
4	0.02	48.148936170212764	0.8867924528301887
4	0.03	58.41830065359477	0.7216981132075472
4	0.04	63.71818181818182	0.5188679245283019
4	0.05	68.5945945945946	0.3490566037735849
4	0.06	71.66666666666667	0.24056603773584906
4	0.07	73.675	0.18867924528301888
4	0.08	73.46666666666667	0.14150943396226415
4	0.09	70.6086956521739	0.10849056603773585
4	0.1	75.70833333333333	0.11320754716981132
4	0.11	67.9047619047619	0.09905660377358491
4	0.12	67.70588235294117	0.08018867924528301
4	0.13	66.2	0.07075471698113207
4	0.14	67.26666666666667	0.07075471698113207
4	0.15	60.666666666666664	0.05660377358490566
5	0	40.310526315789474	0.8962264150943396
5	0.01	41.829787234042556	0.8867924528301887
5	0.02	48.717277486910994	0.9009433962264151
5	0.03	59.34415584415584	0.7264150943396226
5	0.04	65.96153846153847	0.49056603773584906
5	0.05	68.90789473684211	0.3584905660377358
5	0.06	72.48333333333333	0.2830188679245283
5	0.07	74.09302325581395	0.2028301886792453
5	0.08	71.29032258064517	0.14622641509433962
5	0.09	72.03571428571429	0.1320754716981132
5	0.1	68.7	0.09433962264150944
5	0.11	68.0	0.09433962264150944
5	0.12	69.61111111111111	0.08490566037735849
5	0.13	67.78571428571429	0.0660377358490566
5	0.14	68.83333333333333	0.05660377358490566
5	0.15	70.35714285714286	0.0660377358490566
6	0	40.310526315789474	0.8962264150943396
6	0.01	41.72872340425532	0.8867924528301887
6	0.02	48.06951871657754	0.8820754716981132
6	0.03	59.58441558441559	0.7264150943396226
6	0.04	65.01769911504425	0.5330188679245284
6	0.05	69.42465753424658	0.3443396226415094
6	0.06	69.5	0.24528301886792453
6	0.07	74.23076923076923	0.18396226415094338
6	0.08	69.44827586206897	0.13679245283018868
6	0.09	71.625	0.11320754716981132
6	0.1	70.04166666666667	0.11320754716981132
6	0.11	63.94117647058823	0.08018867924528301
6	0.12	70.4375	0.07547169811320754
6	0.13	67.15384615384616	0.06132075471698113
6	0.14	65.875	0.07547169811320754
6	0.15	64.0	0.05660377358490566
7	0	40.310526315789474	0.8962264150943396
7	0.01	42.06282722513089	0.9009433962264151
7	0.02	48.973684210526315	0.8962264150943396
7	0.03	60.10126582278481	0.7452830188679245
7	0.04	67.01739130434783	0.5424528301886793
7	0.05	68.85	0.37735849056603776
7	0.06	70.25454545454545	0.25943396226415094
7	0.07	72.1842105263158	0.1792452830188679
7	0.08	76.0625	0.1509433962264151
7	0.09	73.0	0.12735849056603774
7	0.1	72.43478260869566	0.10849056603773585
7	0.11	68.05555555555556	0.08490566037735849
7	0.12	63.642857142857146	0.0660377358490566
7	0.13	73.47058823529412	0.08018867924528301
7	0.14	74.06666666666666	0.07075471698113207
7	0.15	65.21428571428571	0.0660377358490566
8	0	40.310526315789474	0.8962264150943396
8	0.01	41.767195767195766	0.8915094339622641
8	0.02	47.663101604278076	0.8820754716981132
8	0.03	58.09395973154363	0.7028301886792453
8	0.04	64.48113207547169	0.5
8	0.05	68.38356164383562	0.3443396226415094
8	0.06	74.26415094339623	0.25
8	0.07	72.23684210526316	0.1792452830188679
8	0.08	76.44117647058823	0.16037735849056603
8	0.09	71.96296296296296	0.12735849056603774
8	0.1	70.54545454545455	0.10377358490566038
8	0.11	62.705882352941174	0.08018867924528301
8	0.12	62.76923076923077	0.06132075471698113
8	0.13	74.88888888888889	0.08490566037735849
8	0.14	66.0	0.06132075471698113
8	0.15	67.875	0.07547169811320754
9	0	40.310526315789474	0.8962264150943396
9	0.01	42.22631578947368	0.8962264150943396
9	0.02	48.473404255319146	0.8867924528301887
9	0.03	60.537974683544306	0.7452830188679245
9	0.04	65.97169811320755	0.5
9	0.05	68.67105263157895	0.3584905660377358
9	0.06	68.8695652173913	0.2169811320754717
9	0.07	69.41025641025641	0.18396226415094338
9	0.08	77.69444444444444	0.16981132075471697
9	0.09	73.2	0.1179245283018868
9	0.1	68.4	0.09433962264150944
9	0.11	63.666666666666664	0.08490566037735849
9	0.12	68.0625	0.07547169811320754
9	0.13	69.1875	0.07547169811320754
9	0.14	57.642857142857146	0.0660377358490566
9	0.15	69.53333333333333	0.07075471698113207
10	0	40.310526315789474	0.8962264150943396
10	0.01	41.361702127659576	0.8867924528301887
10	0.02	48.38502673796791	0.8820754716981132
10	0.03	58.40506329113924	0.7452830188679245
10	0.04	64.30555555555556	0.5094339622641509
10	0.05	67.83544303797468	0.37264150943396224
10	0.06	68.56603773584905	0.25
10	0.07	73.86363636363636	0.20754716981132076
10	0.08	75.51351351351352	0.17452830188679244
10	0.09	73.5	0.1320754716981132
10	0.1	74.27272727272727	0.10377358490566038
10	0.11	65.44444444444444	0.08490566037735849
10	0.12	59.93333333333333	0.07075471698113207
10	0.13	62.69230769230769	0.06132075471698113
10	0.14	66.25	0.05660377358490566
10	0.15	67.0	0.0660377358490566
11	0	40.310526315789474	0.8962264150943396
11	0.01	41.925925925925924	0.8915094339622641
11	0.02	47.693548387096776	0.8773584905660378
11	0.03	58.8421052631579	0.7169811320754716
11	0.04	65.21929824561404	0.5377358490566038
11	0.05	67.8051948051948	0.3632075471698113
11	0.06	69.20408163265306	0.23113207547169812
11	0.07	71.3	0.18867924528301888
11	0.08	68.96	0.1179245283018868
11	0.09	72.69565217391305	0.10849056603773585
11	0.1	73.42857142857143	0.09905660377358491
11	0.11	67.57894736842105	0.08962264150943396
11	0.12	66.8125	0.07547169811320754
11	0.13	65.71428571428571	0.0660377358490566
11	0.14	64.07692307692308	0.06132075471698113
11	0.15	68.47058823529412	0.08018867924528301
12	0	40.310526315789474	0.8962264150943396
12	0.01	41.19047619047619	0.8915094339622641
12	0.02	48.07486631016043	0.8820754716981132
12	0.03	59.910828025477706	0.7405660377358491
12	0.04	65.41592920353982	0.5330188679245284
12	0.05	70.07042253521126	0.33490566037735847
12	0.06	70.0909090909091	0.25943396226415094
12	0.07	74.88095238095238	0.19811320754716982
12	0.08	73.03703703703704	0.12735849056603774
12	0.09	69.6	0.1179245283018868
12	0.1	69.1304347826087	0.10849056603773585
12	0.11	64.55555555555556	0.08490566037735849
12	0.12	65.46666666666667	0.07075471698113207
12	0.13	61.86666666666667	0.07075471698113207
12	0.14	60.93333333333333	0.07075471698113207
12	0.15	62.54545454545455	0.05188679245283019
13	0	40.310526315789474	0.8962264150943396
13	0.01	41.91489361702128	0.8867924528301887
13	0.02	47.73118279569893	0.8773584905660378
13	0.03	58.88535031847134	0.7405660377358491
13	0.04	62.10280373831776	0.5047169811320755
13	0.05	70.8974358974359	0.36792452830188677
13	0.06	72.59183673469387	0.23113207547169812
13	0.07	74.38888888888889	0.16981132075471697
13	0.08	72.23529411764706	0.16037735849056603
13	0.09	67.05	0.09433962264150944
13	0.1	73.36842105263158	0.08962264150943396
13	0.11	62.333333333333336	0.08490566037735849
13	0.12	62.0	0.07547169811320754
13	0.13	57.583333333333336	0.05660377358490566
13	0.14	67.86666666666666	0.07075471698113207
13	0.15	68.27272727272727	0.05188679245283019
14	0	40.310526315789474	0.8962264150943396
14	0.01	41.223404255319146	0.8867924528301887
14	0.02	49.01069518716577	0.8820754716981132
14	0.03	59.53503184713376	0.7405660377358491
14	0.04	63.5045871559633	0.5141509433962265
14	0.05	69.78481012658227	0.37264150943396224
14	0.06	71.61818181818182	0.25943396226415094
14	0.07	74.81818181818181	0.20754716981132076
14	0.08	70.21212121212122	0.15566037735849056
14	0.09	71.08333333333333	0.11320754716981132
14	0.1	71.9047619047619	0.09905660377358491
14	0.11	62.5	0.07547169811320754
14	0.12	72.94444444444444	0.08490566037735849
14	0.13	66.86666666666666	0.07075471698113207
14	0.14	66.15	0.09433962264150944
14	0.15	54.15384615384615	0.06132075471698113
15	0	40.310526315789474	0.8962264150943396
15	0.01	41.88947368421053	0.8962264150943396
15	0.02	48.483870967741936	0.8773584905660378
15	0.03	59.214285714285715	0.7264150943396226
15	0.04	64.3644859813084	0.5047169811320755
15	0.05	68.45833333333333	0.33962264150943394
15	0.06	70.25490196078431	0.24056603773584906
15	0.07	71.65	0.18867924528301888
15	0.08	74.93333333333334	0.14150943396226415
15	0.09	75.37931034482759	0.13679245283018868
15	0.1	66.41666666666667	0.11320754716981132
15	0.11	68.83333333333333	0.08490566037735849
15	0.12	60.3125	0.07547169811320754
15	0.13	67.1875	0.07547169811320754
15	0.14	67.75	0.05660377358490566
15	0.15	56.09090909090909	0.05188679245283019