Participant_Index	Noise_LOC	Reaction_Time	Accuracy
0	0	39.004975124378106	0.9481132075471698
0	0.01	40.5025641025641	0.9198113207547169
0	0.02	43.29608938547486	0.8443396226415094
0	0.03	47.0125	0.7547169811320755
0	0.04	51.06153846153846	0.6132075471698113
0	0.05	52.833333333333336	0.4811320754716981
0	0.06	54.1566265060241	0.3915094339622642
0	0.07	57.270270270270274	0.3490566037735849
0	0.08	59.70967741935484	0.29245283018867924
0	0.09	60.32142857142857	0.2641509433962264
0	0.1	60.888888888888886	0.21226415094339623
0	0.11	58.55882352941177	0.16037735849056603
0	0.12	58.82608695652174	0.10849056603773585
0	0.13	56.588235294117645	0.08018867924528301
0	0.14	55.75	0.05660377358490566
0	0.15	58.07692307692308	0.06132075471698113
1	0	39.004975124378106	0.9481132075471698
1	0.01	40.73979591836735	0.9245283018867925
1	0.02	43.17777777777778	0.8490566037735849
1	0.03	46.691823899371066	0.75
1	0.04	50.29770992366412	0.6179245283018868
1	0.05	54.53211009174312	0.5141509433962265
1	0.06	56.23255813953488	0.4056603773584906
1	0.07	56.47222222222222	0.33962264150943394
1	0.08	58.93650793650794	0.2971698113207547
1	0.09	57.660714285714285	0.2641509433962264
1	0.1	59.644444444444446	0.21226415094339623
1	0.11	63.588235294117645	0.16037735849056603
1	0.12	55.95238095238095	0.09905660377358491
1	0.13	59.142857142857146	0.09905660377358491
1	0.14	54.4	0.07075471698113207
1	0.15	56.18181818181818	0.05188679245283019
2	0	39.004975124378106	0.9481132075471698
2	0.01	40.65128205128205	0.9198113207547169
2	0.02	43.48888888888889	0.8490566037735849
2	0.03	46.6125	0.7547169811320755
2	0.04	51.06153846153846	0.6132075471698113
2	0.05	53.898148148148145	0.5094339622641509
2	0.06	55.21951219512195	0.3867924528301887
2	0.07	56.23943661971831	0.33490566037735847
2	0.08	58.92063492063492	0.2971698113207547
2	0.09	59.056603773584904	0.25
2	0.1	60.06382978723404	0.22169811320754718
2	0.11	58.4	0.14150943396226415
2	0.12	57.95652173913044	0.10849056603773585
2	0.13	56.411764705882355	0.08018867924528301
2	0.14	55.07692307692308	0.06132075471698113
2	0.15	57.642857142857146	0.0660377358490566
3	0	39.004975124378106	0.9481132075471698
3	0.01	40.63076923076923	0.9198113207547169
3	0.02	43.337078651685395	0.839622641509434
3	0.03	46.74846625766871	0.7688679245283019
3	0.04	50.909774436090224	0.6273584905660378
3	0.05	52.53921568627451	0.4811320754716981
3	0.06	57.38636363636363	0.41509433962264153
3	0.07	58.07142857142857	0.330188679245283
3	0.08	58.63934426229508	0.28773584905660377
3	0.09	58.23529411764706	0.24056603773584906
3	0.1	61.5	0.20754716981132076
3	0.11	59.96969696969697	0.15566037735849056
3	0.12	56.041666666666664	0.11320754716981132
3	0.13	56.166666666666664	0.08490566037735849
3	0.14	57.18181818181818	0.05188679245283019
3	0.15	52.666666666666664	0.04245283018867924
4	0	39.004975124378106	0.9481132075471698
4	0.01	40.4	0.9198113207547169
4	0.02	43.252808988764045	0.839622641509434
4	0.03	47.34782608695652	0.7594339622641509
4	0.04	50.238461538461536	0.6132075471698113
4	0.05	53.79807692307692	0.49056603773584906
4	0.06	55.75903614457831	0.3915094339622642
4	0.07	56.59722222222222	0.33962264150943394
4	0.08	59.18181818181818	0.3113207547169811
4	0.09	60.236363636363635	0.25943396226415094
4	0.1	59.15384615384615	0.18396226415094338
4	0.11	57.53333333333333	0.14150943396226415
4	0.12	56.75	0.11320754716981132
4	0.13	54.4375	0.07547169811320754
4	0.14	51.833333333333336	0.05660377358490566
4	0.15	50.90909090909091	0.05188679245283019
5	0	39.004975124378106	0.9481132075471698
5	0.01	40.42783505154639	0.9150943396226415
5	0.02	43.294444444444444	0.8490566037735849
5	0.03	46.94375	0.7547169811320755
5	0.04	50.9	0.6132075471698113
5	0.05	52.754901960784316	0.4811320754716981
5	0.06	55.54022988505747	0.41037735849056606
5	0.07	56.90277777777778	0.33962264150943394
5	0.08	59.74626865671642	0.3160377358490566
5	0.09	60.094339622641506	0.25
5	0.1	59.95454545454545	0.20754716981132076
5	0.11	58.766666666666666	0.14150943396226415
5	0.12	56.38095238095238	0.09905660377358491
5	0.13	55.375	0.07547169811320754
5	0.14	57.583333333333336	0.05660377358490566
5	0.15	58.0	0.05188679245283019
6	0	39.004975124378106	0.9481132075471698
6	0.01	40.51282051282051	0.9198113207547169
6	0.02	43.168539325842694	0.839622641509434
6	0.03	46.77987421383648	0.75
6	0.04	50.42857142857143	0.5943396226415094
6	0.05	52.49514563106796	0.4858490566037736
6	0.06	56.46511627906977	0.4056603773584906
6	0.07	57.486486486486484	0.3490566037735849
6	0.08	58.38709677419355	0.29245283018867924
6	0.09	58.592592592592595	0.25471698113207547
6	0.1	60.395833333333336	0.22641509433962265
6	0.11	59.96666666666667	0.14150943396226415
6	0.12	56.17391304347826	0.10849056603773585
6	0.13	57.5625	0.07547169811320754
6	0.14	50.916666666666664	0.05660377358490566
6	0.15	55.55555555555556	0.04245283018867924
7	0	39.004975124378106	0.9481132075471698
7	0.01	40.8041237113402	0.9150943396226415
7	0.02	43.07909604519774	0.8349056603773585
7	0.03	46.83125	0.7547169811320755
7	0.04	51.038167938931295	0.6179245283018868
7	0.05	53.65384615384615	0.49056603773584906
7	0.06	56.275	0.37735849056603776
7	0.07	56.16	0.35377358490566035
7	0.08	59.2	0.30660377358490565
7	0.09	59.471698113207545	0.25
7	0.1	58.675	0.18867924528301888
7	0.11	57.233333333333334	0.14150943396226415
7	0.12	55.3	0.09433962264150944
7	0.13	59.05263157894737	0.08962264150943396
7	0.14	58.5625	0.07547169811320754
7	0.15	58.72727272727273	0.05188679245283019
8	0	39.004975124378106	0.9481132075471698
8	0.01	40.4639175257732	0.9150943396226415
8	0.02	43.43333333333333	0.8490566037735849
8	0.03	47.23456790123457	0.7641509433962265
8	0.04	50.83846153846154	0.6132075471698113
8	0.05	54.38181818181818	0.5188679245283019
8	0.06	56.91111111111111	0.42452830188679247
8	0.07	56.40277777777778	0.33962264150943394
8	0.08	60.66129032258065	0.29245283018867924
8	0.09	60.716981132075475	0.25
8	0.1	61.833333333333336	0.19811320754716982
8	0.11	60.6875	0.1509433962264151
8	0.12	59.18181818181818	0.10377358490566038
8	0.13	56.470588235294116	0.08018867924528301
8	0.14	54.5	0.0660377358490566
8	0.15	61.0	0.05660377358490566
9	0	39.004975124378106	0.9481132075471698
9	0.01	40.5025641025641	0.9198113207547169
9	0.02	43.072625698324025	0.8443396226415094
9	0.03	46.47204968944099	0.7594339622641509
9	0.04	50.34375	0.6037735849056604
9	0.05	52.56190476190476	0.49528301886792453
9	0.06	55.01136363636363	0.41509433962264153
9	0.07	58.9041095890411	0.3443396226415094
9	0.08	58.095238095238095	0.2971698113207547
9	0.09	62.43396226415094	0.25
9	0.1	63.07142857142857	0.19811320754716982
9	0.11	57.51428571428571	0.1650943396226415
9	0.12	58.43478260869565	0.10849056603773585
9	0.13	54.1875	0.07547169811320754
9	0.14	57.083333333333336	0.05660377358490566
9	0.15	57.166666666666664	0.05660377358490566
10	0	39.004975124378106	0.9481132075471698
10	0.01	40.51282051282051	0.9198113207547169
10	0.02	43.37222222222222	0.8490566037735849
10	0.03	46.72784810126582	0.7452830188679245
10	0.04	50.246153846153845	0.6132075471698113
10	0.05	53.65686274509804	0.4811320754716981
10	0.06	57.38823529411765	0.4009433962264151
10	0.07	59.567567567567565	0.3490566037735849
10	0.08	60.306451612903224	0.29245283018867924
10	0.09	60.24528301886792	0.25
10	0.1	62.56818181818182	0.20754716981132076
10	0.11	60.65625	0.1509433962264151
10	0.12	62.26923076923077	0.12264150943396226
10	0.13	56.64705882352941	0.08018867924528301
10	0.14	57.42857142857143	0.0660377358490566
10	0.15	61.23076923076923	0.06132075471698113
11	0	39.004975124378106	0.9481132075471698
11	0.01	40.62755102040816	0.9245283018867925
11	0.02	43.08379888268156	0.8443396226415094
11	0.03	47.30061349693251	0.7688679245283019
11	0.04	51.45255474452555	0.6462264150943396
11	0.05	53.349514563106794	0.4858490566037736
11	0.06	56.38823529411765	0.4009433962264151
11	0.07	59.7	0.330188679245283
11	0.08	58.983870967741936	0.29245283018867924
11	0.09	59.945454545454545	0.25943396226415094
11	0.1	60.06976744186046	0.2028301886792453
11	0.11	58.0625	0.1509433962264151
11	0.12	59.19230769230769	0.12264150943396226
11	0.13	59.333333333333336	0.08490566037735849
11	0.14	52.5	0.04716981132075472
11	0.15	58.09090909090909	0.05188679245283019
12	0	39.004975124378106	0.9481132075471698
12	0.01	40.649484536082475	0.9150943396226415
12	0.02	43.168539325842694	0.839622641509434
12	0.03	47.45398773006135	0.7688679245283019
12	0.04	50.51937984496124	0.6084905660377359
12	0.05	53.95283018867924	0.5
12	0.06	55.8235294117647	0.4009433962264151
12	0.07	57.042857142857144	0.330188679245283
12	0.08	59.50819672131148	0.28773584905660377
12	0.09	58.535714285714285	0.2641509433962264
12	0.1	59.72093023255814	0.2028301886792453
12	0.11	57.75757575757576	0.15566037735849056
12	0.12	57.875	0.11320754716981132
12	0.13	58.888888888888886	0.08490566037735849
12	0.14	58.0	0.06132075471698113
12	0.15	54.416666666666664	0.05660377358490566
13	0	39.004975124378106	0.9481132075471698
13	0.01	40.58163265306123	0.9245283018867925
13	0.02	43.71666666666667	0.8490566037735849
13	0.03	47.103658536585364	0.7735849056603774
13	0.04	50.354330708661415	0.5990566037735849
13	0.05	54.310679611650485	0.4858490566037736
13	0.06	55.05	0.37735849056603776
13	0.07	56.37313432835821	0.3160377358490566
13	0.08	59.9375	0.3018867924528302
13	0.09	59.10344827586207	0.27358490566037735
13	0.1	60.20454545454545	0.20754716981132076
13	0.11	60.6	0.1179245283018868
13	0.12	57.57142857142857	0.09905660377358491
13	0.13	50.57142857142857	0.0660377358490566
13	0.14	57.916666666666664	0.05660377358490566
13	0.15	59.4	0.04716981132075472
14	0	39.004975124378106	0.9481132075471698
14	0.01	40.48205128205128	0.9198113207547169
14	0.02	43.40555555555556	0.8490566037735849
14	0.03	47.06832298136646	0.7594339622641509
14	0.04	50.1015625	0.6037735849056604
14	0.05	54.83653846153846	0.49056603773584906
14	0.06	57.19767441860465	0.4056603773584906
14	0.07	56.31944444444444	0.33962264150943394
14	0.08	60.56923076923077	0.30660377358490565
14	0.09	61.0188679245283	0.25
14	0.1	60.91836734693877	0.23113207547169812
14	0.11	62.36666666666667	0.14150943396226415
14	0.12	55.78947368421053	0.08962264150943396
14	0.13	56.44444444444444	0.08490566037735849
14	0.14	57.785714285714285	0.0660377358490566
14	0.15	57.0	0.05660377358490566
15	0	39.004975124378106	0.9481132075471698
15	0.01	40.52577319587629	0.9150943396226415
15	0.02	43.25	0.8490566037735849
15	0.03	47.525	0.7547169811320755
15	0.04	50.52307692307692	0.6132075471698113
15	0.05	53.27884615384615	0.49056603773584906
15	0.06	56.125	0.41509433962264153
15	0.07	57.61842105263158	0.3584905660377358
15	0.08	59.516129032258064	0.29245283018867924
15	0.09	59.92307692307692	0.24528301886792453
15	0.1	57.5	0.19811320754716982
15	0.11	57.806451612903224	0.14622641509433962
15	0.12	57.285714285714285	0.09905660377358491
15	0.13	53.92307692307692	0.06132075471698113
15	0.14	57.714285714285715	0.0660377358490566
15	0.15	54.77777777777778	0.04245283018867924