Participant_Index	Noise_LOC	Reaction_Time	Accuracy
0	0	39.536723163841806	0.8349056603773585
0	0.01	41.779661016949156	0.8349056603773585
0	0.02	47.16201117318436	0.8443396226415094
0	0.03	55.57225433526011	0.8160377358490566
0	0.04	61.733333333333334	0.7075471698113207
0	0.05	65.62204724409449	0.5990566037735849
0	0.06	69.15053763440861	0.4386792452830189
0	0.07	68.06060606060606	0.3113207547169811
0	0.08	70.91935483870968	0.29245283018867924
0	0.09	72.175	0.18867924528301888
0	0.1	72.24324324324324	0.17452830188679244
0	0.11	68.68	0.1179245283018868
0	0.12	69.8	0.09433962264150944
0	0.13	75.47058823529412	0.08018867924528301
0	0.14	56.46153846153846	0.06132075471698113
0	0.15	69.21428571428571	0.0660377358490566
1	0	39.536723163841806	0.8349056603773585
1	0.01	41.779661016949156	0.8349056603773585
1	0.02	47.13186813186813	0.8584905660377359
1	0.03	55.80346820809248	0.8160377358490566
1	0.04	59.94701986754967	0.7122641509433962
1	0.05	66.536	0.589622641509434
1	0.06	67.36781609195403	0.41037735849056606
1	0.07	69.18666666666667	0.35377358490566035
1	0.08	69.84905660377359	0.25
1	0.09	68.74418604651163	0.2028301886792453
1	0.1	77.46875	0.1509433962264151
1	0.11	71.73333333333333	0.14150943396226415
1	0.12	70.56521739130434	0.10849056603773585
1	0.13	71.52941176470588	0.08018867924528301
1	0.14	73.94117647058823	0.08018867924528301
1	0.15	62.333333333333336	0.05660377358490566
2	0	39.536723163841806	0.8349056603773585
2	0.01	42.40677966101695	0.8349056603773585
2	0.02	46.827777777777776	0.8490566037735849
2	0.03	56.05084745762712	0.8349056603773585
2	0.04	60.854304635761586	0.7122641509433962
2	0.05	65.83064516129032	0.5849056603773585
2	0.06	67.15217391304348	0.4339622641509434
2	0.07	67.36111111111111	0.33962264150943394
2	0.08	72.8360655737705	0.28773584905660377
2	0.09	72.13333333333334	0.21226415094339623
2	0.1	64.26923076923077	0.12264150943396226
2	0.11	68.5	0.11320754716981132
2	0.12	67.34782608695652	0.10849056603773585
2	0.13	72.33333333333333	0.08490566037735849
2	0.14	67.91666666666667	0.05660377358490566
2	0.15	71.86666666666666	0.07075471698113207
3	0	39.536723163841806	0.8349056603773585
3	0.01	42.29775280898876	0.839622641509434
3	0.02	46.794444444444444	0.8490566037735849
3	0.03	54.32163742690059	0.8066037735849056
3	0.04	61.026315789473685	0.7169811320754716
3	0.05	66.26771653543307	0.5990566037735849
3	0.06	66.76923076923077	0.42924528301886794
3	0.07	71.9	0.330188679245283
3	0.08	69.40384615384616	0.24528301886792453
3	0.09	74.0	0.21226415094339623
3	0.1	65.65517241379311	0.13679245283018868
3	0.11	72.52173913043478	0.10849056603773585
3	0.12	71.9	0.09433962264150944
3	0.13	68.0952380952381	0.09905660377358491
3	0.14	68.0	0.0660377358490566
3	0.15	70.8125	0.07547169811320754
4	0	39.536723163841806	0.8349056603773585
4	0.01	42.262569832402235	0.8443396226415094
4	0.02	46.175141242937855	0.8349056603773585
4	0.03	55.23295454545455	0.8301886792452831
4	0.04	61.37837837837838	0.6981132075471698
4	0.05	65.84251968503936	0.5990566037735849
4	0.06	69.26530612244898	0.46226415094339623
4	0.07	68.36764705882354	0.32075471698113206
4	0.08	70.67241379310344	0.27358490566037735
4	0.09	72.13888888888889	0.16981132075471697
4	0.1	67.70588235294117	0.16037735849056603
4	0.11	78.37931034482759	0.13679245283018868
4	0.12	75.25	0.09433962264150944
4	0.13	71.23529411764706	0.08018867924528301
4	0.14	67.70588235294117	0.08018867924528301
4	0.15	71.0	0.07075471698113207
5	0	39.536723163841806	0.8349056603773585
5	0.01	41.27683615819209	0.8349056603773585
5	0.02	46.54494382022472	0.839622641509434
5	0.03	55.94767441860465	0.8113207547169812
5	0.04	59.85064935064935	0.7264150943396226
5	0.05	65.81746031746032	0.5943396226415094
5	0.06	70.27	0.4716981132075472
5	0.07	71.13157894736842	0.3584905660377358
5	0.08	71.53703703703704	0.25471698113207547
5	0.09	72.17391304347827	0.2169811320754717
5	0.1	70.27272727272727	0.15566037735849056
5	0.11	73.32	0.1179245283018868
5	0.12	63.35	0.09433962264150944
5	0.13	66.6875	0.07547169811320754
5	0.14	68.33333333333333	0.05660377358490566
5	0.15	71.2	0.07075471698113207
6	0	39.536723163841806	0.8349056603773585
6	0.01	42.152542372881356	0.8349056603773585
6	0.02	46.75977653631285	0.8443396226415094
6	0.03	55.10526315789474	0.8066037735849056
6	0.04	60.82	0.7075471698113207
6	0.05	65.53543307086615	0.5990566037735849
6	0.06	69.46153846153847	0.42924528301886794
6	0.07	69.27397260273973	0.3443396226415094
6	0.08	69.85714285714286	0.2641509433962264
6	0.09	73.8780487804878	0.19339622641509435
6	0.1	71.27027027027027	0.17452830188679244
6	0.11	70.68	0.1179245283018868
6	0.12	73.04761904761905	0.09905660377358491
6	0.13	62.529411764705884	0.08018867924528301
6	0.14	70.63157894736842	0.08962264150943396
6	0.15	71.92307692307692	0.06132075471698113
7	0	39.536723163841806	0.8349056603773585
7	0.01	41.717514124293785	0.8349056603773585
7	0.02	47.37988826815643	0.8443396226415094
7	0.03	54.8698224852071	0.7971698113207547
7	0.04	61.644295302013425	0.7028301886792453
7	0.05	65.59375	0.6037735849056604
7	0.06	68.3578947368421	0.4481132075471698
7	0.07	68.41558441558442	0.3632075471698113
7	0.08	69.56140350877193	0.2688679245283019
7	0.09	72.04444444444445	0.21226415094339623
7	0.1	67.64516129032258	0.14622641509433962
7	0.11	69.125	0.11320754716981132
7	0.12	72.05	0.09433962264150944
7	0.13	75.80952380952381	0.09905660377358491
7	0.14	71.26666666666667	0.07075471698113207
7	0.15	54.0	0.06132075471698113
8	0	39.536723163841806	0.8349056603773585
8	0.01	42.779661016949156	0.8349056603773585
8	0.02	47.016666666666666	0.8490566037735849
8	0.03	55.99418604651163	0.8113207547169812
8	0.04	61.241610738255034	0.7028301886792453
8	0.05	65.36220472440945	0.5990566037735849
8	0.06	64.68539325842697	0.419811320754717
8	0.07	73.5	0.3867924528301887
8	0.08	72.63333333333334	0.2830188679245283
8	0.09	68.72972972972973	0.17452830188679244
8	0.1	72.51282051282051	0.18396226415094338
8	0.11	72.07692307692308	0.12264150943396226
8	0.12	72.05	0.09433962264150944
8	0.13	66.41176470588235	0.08018867924528301
8	0.14	69.71428571428571	0.0660377358490566
8	0.15	64.76923076923077	0.06132075471698113
9	0	39.536723163841806	0.8349056603773585
9	0.01	41.57471264367816	0.8207547169811321
9	0.02	46.56741573033708	0.839622641509434
9	0.03	55.68181818181818	0.8301886792452831
9	0.04	60.60645161290323	0.7311320754716981
9	0.05	64.59016393442623	0.5754716981132075
9	0.06	66.43157894736842	0.4481132075471698
9	0.07	69.79452054794521	0.3443396226415094
9	0.08	72.03333333333333	0.2830188679245283
9	0.09	72.86666666666666	0.21226415094339623
9	0.1	71.08823529411765	0.16037735849056603
9	0.11	67.625	0.11320754716981132
9	0.12	72.95	0.09433962264150944
9	0.13	68.1875	0.07547169811320754
9	0.14	66.26666666666667	0.07075471698113207
9	0.15	68.76923076923077	0.06132075471698113
10	0	39.536723163841806	0.8349056603773585
10	0.01	41.14772727272727	0.8301886792452831
10	0.02	46.4180790960452	0.8349056603773585
10	0.03	54.88304093567251	0.8066037735849056
10	0.04	61.5328947368421	0.7169811320754716
10	0.05	64.09243697478992	0.5613207547169812
10	0.06	66.20652173913044	0.4339622641509434
10	0.07	69.35714285714286	0.330188679245283
10	0.08	69.81818181818181	0.25943396226415094
10	0.09	72.60975609756098	0.19339622641509435
10	0.1	72.77777777777777	0.16981132075471697
10	0.11	74.41935483870968	0.14622641509433962
10	0.12	68.0	0.08018867924528301
10	0.13	63.111111111111114	0.08490566037735849
10	0.14	66.6470588235294	0.08018867924528301
10	0.15	68.93333333333334	0.07075471698113207
11	0	39.536723163841806	0.8349056603773585
11	0.01	42.29943502824859	0.8349056603773585
11	0.02	47.14525139664804	0.8443396226415094
11	0.03	55.33522727272727	0.8301886792452831
11	0.04	61.888888888888886	0.7216981132075472
11	0.05	65.48760330578513	0.5707547169811321
11	0.06	67.8695652173913	0.4339622641509434
11	0.07	72.70666666666666	0.35377358490566035
11	0.08	71.18518518518519	0.25471698113207547
11	0.09	69.875	0.18867924528301888
11	0.1	72.22857142857143	0.1650943396226415
11	0.11	73.75	0.11320754716981132
11	0.12	66.11764705882354	0.08018867924528301
11	0.13	70.38095238095238	0.09905660377358491
11	0.14	70.11764705882354	0.08018867924528301
11	0.15	62.416666666666664	0.05660377358490566
12	0	39.536723163841806	0.8349056603773585
12	0.01	42.41242937853107	0.8349056603773585
12	0.02	47.10989010989011	0.8584905660377359
12	0.03	55.25748502994012	0.7877358490566038
12	0.04	61.15686274509804	0.7216981132075472
12	0.05	63.556451612903224	0.5849056603773585
12	0.06	67.46875	0.4528301886792453
12	0.07	70.8375	0.37735849056603776
12	0.08	70.12727272727273	0.25943396226415094
12	0.09	73.22222222222223	0.21226415094339623
12	0.1	72.12121212121212	0.15566037735849056
12	0.11	74.92307692307692	0.12264150943396226
12	0.12	70.0	0.09905660377358491
12	0.13	67.8	0.07075471698113207
12	0.14	70.0	0.08962264150943396
12	0.15	66.23076923076923	0.06132075471698113
13	0	39.536723163841806	0.8349056603773585
13	0.01	42.43502824858757	0.8349056603773585
13	0.02	47.84444444444444	0.8490566037735849
13	0.03	56.57954545454545	0.8301886792452831
13	0.04	62.16129032258065	0.7311320754716981
13	0.05	65.78512396694215	0.5707547169811321
13	0.06	69.18367346938776	0.46226415094339623
13	0.07	71.06666666666666	0.35377358490566035
13	0.08	72.0	0.2641509433962264
13	0.09	72.26315789473684	0.1792452830188679
13	0.1	71.6	0.1650943396226415
13	0.11	73.64285714285714	0.1320754716981132
13	0.12	71.23809523809524	0.09905660377358491
13	0.13	64.57894736842105	0.08962264150943396
13	0.14	62.333333333333336	0.05660377358490566
13	0.15	70.86666666666666	0.07075471698113207
14	0	39.536723163841806	0.8349056603773585
14	0.01	42.80790960451977	0.8349056603773585
14	0.02	46.40449438202247	0.839622641509434
14	0.03	55.78235294117647	0.8018867924528302
14	0.04	61.13461538461539	0.7358490566037735
14	0.05	66.19672131147541	0.5754716981132075
14	0.06	66.79381443298969	0.45754716981132076
14	0.07	68.97222222222223	0.33962264150943394
14	0.08	68.21428571428571	0.2641509433962264
14	0.09	70.97727272727273	0.20754716981132076
14	0.1	69.21212121212122	0.15566037735849056
14	0.11	68.24137931034483	0.13679245283018868
14	0.12	62.64705882352941	0.08018867924528301
14	0.13	73.94736842105263	0.08962264150943396
14	0.14	70.9375	0.07547169811320754
14	0.15	71.33333333333333	0.07075471698113207
15	0	39.536723163841806	0.8349056603773585
15	0.01	42.03954802259887	0.8349056603773585
15	0.02	45.54494382022472	0.839622641509434
15	0.03	54.03468208092485	0.8160377358490566
15	0.04	61.14473684210526	0.7169811320754716
15	0.05	64.42857142857143	0.5943396226415094
15	0.06	68.61052631578947	0.4481132075471698
15	0.07	69.94444444444444	0.33962264150943394
15	0.08	69.80701754385964	0.2688679245283019
15	0.09	71.82222222222222	0.21226415094339623
15	0.1	68.9090909090909	0.15566037735849056
15	0.11	69.43478260869566	0.10849056603773585
15	0.12	70.2	0.09433962264150944
15	0.13	66.11111111111111	0.08490566037735849
15	0.14	66.26666666666667	0.07075471698113207
15	0.15	60.09090909090909	0.05188679245283019