Participant_Index	Noise_LOC	Reaction_Time	Accuracy
0	0	38.79289940828402	0.7971698113207547
0	0.01	40.81818181818182	0.7783018867924528
0	0.02	47.83815028901734	0.8160377358490566
0	0.03	57.70909090909091	0.7783018867924528
0	0.04	63.64963503649635	0.6462264150943396
0	0.05	67.45192307692308	0.49056603773584906
0	0.06	69.82666666666667	0.35377358490566035
0	0.07	73.28333333333333	0.2830188679245283
0	0.08	73.61111111111111	0.16981132075471697
0	0.09	75.33333333333333	0.14150943396226415
0	0.1	70.80952380952381	0.09905660377358491
0	0.11	73.47058823529412	0.08018867924528301
0	0.12	70.52631578947368	0.08962264150943396
0	0.13	70.53333333333333	0.07075471698113207
0	0.14	68.07692307692308	0.06132075471698113
0	0.15	73.5	0.0660377358490566
1	0	38.79289940828402	0.7971698113207547
1	0.01	41.49700598802395	0.7877358490566038
1	0.02	48.12280701754386	0.8066037735849056
1	0.03	57.49390243902439	0.7735849056603774
1	0.04	63.32116788321168	0.6462264150943396
1	0.05	68.46078431372548	0.4811320754716981
1	0.06	66.93150684931507	0.3443396226415094
1	0.07	71.58490566037736	0.25
1	0.08	73.02564102564102	0.18396226415094338
1	0.09	72.07142857142857	0.1320754716981132
1	0.1	64.1	0.09433962264150944
1	0.11	68.9375	0.07547169811320754
1	0.12	67.55	0.09433962264150944
1	0.13	66.81818181818181	0.05188679245283019
1	0.14	64.36363636363636	0.05188679245283019
1	0.15	73.8	0.07075471698113207
2	0	38.79289940828402	0.7971698113207547
2	0.01	41.778443113772454	0.7877358490566038
2	0.02	46.645348837209305	0.8113207547169812
2	0.03	58.13333333333333	0.7783018867924528
2	0.04	63.31111111111111	0.6367924528301887
2	0.05	65.02884615384616	0.49056603773584906
2	0.06	69.05633802816901	0.33490566037735847
2	0.07	71.05357142857143	0.2641509433962264
2	0.08	72.95454545454545	0.20754716981132076
2	0.09	68.06896551724138	0.13679245283018868
2	0.1	69.66666666666667	0.09905660377358491
2	0.11	72.0	0.08962264150943396
2	0.12	68.94117647058823	0.08018867924528301
2	0.13	73.2	0.07075471698113207
2	0.14	64.15384615384616	0.06132075471698113
2	0.15	71.08333333333333	0.05660377358490566
3	0	38.79289940828402	0.7971698113207547
3	0.01	41.191616766467064	0.7877358490566038
3	0.02	47.97687861271676	0.8160377358490566
3	0.03	56.86335403726708	0.7594339622641509
3	0.04	63.0	0.6556603773584906
3	0.05	64.5673076923077	0.49056603773584906
3	0.06	71.07792207792208	0.3632075471698113
3	0.07	72.07692307692308	0.24528301886792453
3	0.08	69.23529411764706	0.16037735849056603
3	0.09	77.61290322580645	0.14622641509433962
3	0.1	70.3913043478261	0.10849056603773585
3	0.11	67.6	0.07075471698113207
3	0.12	72.88235294117646	0.08018867924528301
3	0.13	78.53333333333333	0.07075471698113207
3	0.14	65.92307692307692	0.06132075471698113
3	0.15	67.1	0.04716981132075472
4	0	38.79289940828402	0.7971698113207547
4	0.01	41.21556886227545	0.7877358490566038
4	0.02	47.434285714285714	0.8254716981132075
4	0.03	58.09090909090909	0.7783018867924528
4	0.04	61.838235294117645	0.6415094339622641
4	0.05	66.98058252427184	0.4858490566037736
4	0.06	71.49333333333334	0.35377358490566035
4	0.07	69.08	0.2358490566037736
4	0.08	68.65789473684211	0.1792452830188679
4	0.09	73.93548387096774	0.14622641509433962
4	0.1	70.77272727272727	0.10377358490566038
4	0.11	77.2	0.09433962264150944
4	0.12	68.76470588235294	0.08018867924528301
4	0.13	67.85714285714286	0.0660377358490566
4	0.14	70.18181818181819	0.05188679245283019
4	0.15	66.0	0.05660377358490566
5	0	38.79289940828402	0.7971698113207547
5	0.01	40.54819277108434	0.7830188679245284
5	0.02	48.308571428571426	0.8254716981132075
5	0.03	56.587878787878786	0.7783018867924528
5	0.04	62.65185185185185	0.6367924528301887
5	0.05	66.96039603960396	0.47641509433962265
5	0.06	69.91025641025641	0.36792452830188677
5	0.07	70.92	0.2358490566037736
5	0.08	72.28571428571429	0.19811320754716982
5	0.09	69.39285714285714	0.1320754716981132
5	0.1	70.5	0.11320754716981132
5	0.11	74.31818181818181	0.10377358490566038
5	0.12	71.6	0.07075471698113207
5	0.13	71.52941176470588	0.08018867924528301
5	0.14	72.3076923076923	0.06132075471698113
5	0.15	67.33333333333333	0.04245283018867924
6	0	38.79289940828402	0.7971698113207547
6	0.01	40.76646706586826	0.7877358490566038
6	0.02	46.827586206896555	0.8207547169811321
6	0.03	57.51234567901235	0.7641509433962265
6	0.04	63.3013698630137	0.6886792452830188
6	0.05	66.16037735849056	0.5
6	0.06	71.55844155844156	0.3632075471698113
6	0.07	68.0	0.25
6	0.08	75.0	0.20754716981132076
6	0.09	72.48387096774194	0.14622641509433962
6	0.1	67.57142857142857	0.09905660377358491
6	0.11	71.42105263157895	0.08962264150943396
6	0.12	66.52631578947368	0.08962264150943396
6	0.13	75.0	0.07075471698113207
6	0.14	60.416666666666664	0.05660377358490566
6	0.15	70.76923076923077	0.06132075471698113
7	0	38.79289940828402	0.7971698113207547
7	0.01	41.201183431952664	0.7971698113207547
7	0.02	47.83139534883721	0.8113207547169812
7	0.03	57.10493827160494	0.7641509433962265
7	0.04	64.88321167883211	0.6462264150943396
7	0.05	65.73195876288659	0.45754716981132076
7	0.06	70.32911392405063	0.37264150943396224
7	0.07	69.56603773584905	0.25
7	0.08	71.05555555555556	0.16981132075471697
7	0.09	74.24242424242425	0.15566037735849056
7	0.1	71.5	0.11320754716981132
7	0.11	75.7	0.09433962264150944
7	0.12	71.66666666666667	0.07075471698113207
7	0.13	69.75	0.05660377358490566
7	0.14	66.9090909090909	0.05188679245283019
7	0.15	69.1	0.04716981132075472
8	0	38.79289940828402	0.7971698113207547
8	0.01	40.65269461077844	0.7877358490566038
8	0.02	48.1812865497076	0.8066037735849056
8	0.03	56.9320987654321	0.7641509433962265
8	0.04	62.92700729927007	0.6462264150943396
8	0.05	64.96078431372548	0.4811320754716981
8	0.06	69.30666666666667	0.35377358490566035
8	0.07	70.7090909090909	0.25943396226415094
8	0.08	70.30952380952381	0.19811320754716982
8	0.09	67.0	0.12735849056603774
8	0.1	70.72222222222223	0.08490566037735849
8	0.11	76.56521739130434	0.10849056603773585
8	0.12	68.25	0.05660377358490566
8	0.13	68.08333333333333	0.05660377358490566
8	0.14	68.41666666666667	0.05660377358490566
8	0.15	65.0	0.04245283018867924
9	0	38.79289940828402	0.7971698113207547
9	0.01	41.437869822485204	0.7971698113207547
9	0.02	47.810344827586206	0.8207547169811321
9	0.03	56.81481481481482	0.7641509433962265
9	0.04	63.197080291970806	0.6462264150943396
9	0.05	66.52427184466019	0.4858490566037736
9	0.06	68.67123287671232	0.3443396226415094
9	0.07	67.56603773584905	0.25
9	0.08	73.63636363636364	0.20754716981132076
9	0.09	74.09375	0.1509433962264151
9	0.1	79.14285714285714	0.1320754716981132
9	0.11	72.89473684210526	0.08962264150943396
9	0.12	70.5	0.09433962264150944
9	0.13	69.13333333333334	0.07075471698113207
9	0.14	70.1	0.04716981132075472
9	0.15	68.5	0.03773584905660377
10	0	38.79289940828402	0.7971698113207547
10	0.01	40.82634730538922	0.7877358490566038
10	0.02	47.47953216374269	0.8066037735849056
10	0.03	55.76219512195122	0.7735849056603774
10	0.04	62.17857142857143	0.660377358490566
10	0.05	65.29292929292929	0.4669811320754717
10	0.06	68.59154929577464	0.33490566037735847
10	0.07	70.54716981132076	0.25
10	0.08	71.22727272727273	0.20754716981132076
10	0.09	73.875	0.1509433962264151
10	0.1	69.82608695652173	0.10849056603773585
10	0.11	73.45	0.09433962264150944
10	0.12	68.06666666666666	0.07075471698113207
10	0.13	67.5	0.05660377358490566
10	0.14	73.57142857142857	0.0660377358490566
10	0.15	66.61538461538461	0.06132075471698113
11	0	38.79289940828402	0.7971698113207547
11	0.01	41.260355029585796	0.7971698113207547
11	0.02	48.46242774566474	0.8160377358490566
11	0.03	57.423312883435585	0.7688679245283019
11	0.04	64.61267605633803	0.6698113207547169
11	0.05	66.63636363636364	0.4669811320754717
11	0.06	70.94666666666667	0.35377358490566035
11	0.07	69.05882352941177	0.24056603773584906
11	0.08	71.11904761904762	0.19811320754716982
11	0.09	73.18181818181819	0.15566037735849056
11	0.1	76.0	0.12735849056603774
11	0.11	73.94117647058823	0.08018867924528301
11	0.12	73.88888888888889	0.08490566037735849
11	0.13	64.64285714285714	0.0660377358490566
11	0.14	71.36363636363636	0.05188679245283019
11	0.15	63.27272727272727	0.05188679245283019
12	0	38.79289940828402	0.7971698113207547
12	0.01	40.74404761904762	0.7924528301886793
12	0.02	47.68926553672316	0.8349056603773585
12	0.03	56.78125	0.7547169811320755
12	0.04	63.86013986013986	0.6745283018867925
12	0.05	69.4950495049505	0.47641509433962265
12	0.06	69.04347826086956	0.32547169811320753
12	0.07	66.98148148148148	0.25471698113207547
12	0.08	73.36170212765957	0.22169811320754718
12	0.09	71.08823529411765	0.16037735849056603
12	0.1	71.625	0.11320754716981132
12	0.11	70.8	0.09433962264150944
12	0.12	68.46153846153847	0.06132075471698113
12	0.13	67.0909090909091	0.05188679245283019
12	0.14	64.75	0.05660377358490566
12	0.15	70.7	0.04716981132075472
13	0	38.79289940828402	0.7971698113207547
13	0.01	41.16167664670659	0.7877358490566038
13	0.02	48.03488372093023	0.8113207547169812
13	0.03	56.83030303030303	0.7783018867924528
13	0.04	64.58741258741259	0.6745283018867925
13	0.05	64.54545454545455	0.4669811320754717
13	0.06	68.89041095890411	0.3443396226415094
13	0.07	69.14814814814815	0.25471698113207547
13	0.08	69.63414634146342	0.19339622641509435
13	0.09	74.72413793103448	0.13679245283018868
13	0.1	72.44	0.1179245283018868
13	0.11	67.95	0.09433962264150944
13	0.12	62.8235294117647	0.08018867924528301
13	0.13	54.666666666666664	0.04245283018867924
13	0.14	74.35714285714286	0.0660377358490566
13	0.15	60.6	0.04716981132075472
14	0	38.79289940828402	0.7971698113207547
14	0.01	42.0887573964497	0.7971698113207547
14	0.02	48.0919540229885	0.8207547169811321
14	0.03	57.78048780487805	0.7735849056603774
14	0.04	64.26086956521739	0.6509433962264151
14	0.05	65.57731958762886	0.45754716981132076
14	0.06	70.84415584415585	0.3632075471698113
14	0.07	72.94827586206897	0.27358490566037735
14	0.08	69.71428571428571	0.1650943396226415
14	0.09	74.65517241379311	0.13679245283018868
14	0.1	72.17391304347827	0.10849056603773585
14	0.11	71.73684210526316	0.08962264150943396
14	0.12	66.85714285714286	0.0660377358490566
14	0.13	69.8	0.07075471698113207
14	0.14	70.18181818181819	0.05188679245283019
14	0.15	71.0	0.06132075471698113
15	0	38.79289940828402	0.7971698113207547
15	0.01	41.273809523809526	0.7924528301886793
15	0.02	47.9367816091954	0.8207547169811321
15	0.03	57.1055900621118	0.7594339622641509
15	0.04	64.03597122302158	0.6556603773584906
15	0.05	67.35643564356435	0.47641509433962265
15	0.06	70.45569620253164	0.37264150943396224
15	0.07	72.35185185185185	0.25471698113207547
15	0.08	68.34285714285714	0.1650943396226415
15	0.09	71.58620689655173	0.13679245283018868
15	0.1	74.3	0.09433962264150944
15	0.11	71.0	0.08962264150943396
15	0.12	69.16666666666667	0.08490566037735849
15	0.13	62.0	0.06132075471698113
15	0.14	55.72727272727273	0.05188679245283019
15	0.15	69.0	0.0660377358490566