Participant_Index	Noise_LOC	Reaction_Time	Accuracy
0	0	41.0969387755102	0.9245283018867925
0	0.01	42.535714285714285	0.9245283018867925
0	0.02	46.55026455026455	0.8915094339622641
0	0.03	57.72670807453416	0.7594339622641509
0	0.04	63.11666666666667	0.5660377358490566
0	0.05	69.41414141414141	0.4669811320754717
0	0.06	67.57627118644068	0.2783018867924528
0	0.07	72.24528301886792	0.25
0	0.08	70.82051282051282	0.18396226415094338
0	0.09	73.17241379310344	0.13679245283018868
0	0.1	67.78571428571429	0.1320754716981132
0	0.11	67.9090909090909	0.10377358490566038
0	0.12	68.05882352941177	0.08018867924528301
0	0.13	62.714285714285715	0.0660377358490566
0	0.14	69.07142857142857	0.0660377358490566
0	0.15	61.5	0.0660377358490566
1	0	41.0969387755102	0.9245283018867925
1	0.01	42.47959183673469	0.9245283018867925
1	0.02	47.21052631578947	0.8962264150943396
1	0.03	57.25454545454546	0.7783018867924528
1	0.04	63.13333333333333	0.5660377358490566
1	0.05	68.23076923076923	0.42924528301886794
1	0.06	71.74324324324324	0.3490566037735849
1	0.07	69.30434782608695	0.2169811320754717
1	0.08	68.75757575757575	0.15566037735849056
1	0.09	74.78125	0.1509433962264151
1	0.1	69.58064516129032	0.14622641509433962
1	0.11	65.5909090909091	0.10377358490566038
1	0.12	66.6842105263158	0.08962264150943396
1	0.13	67.75	0.07547169811320754
1	0.14	62.92857142857143	0.0660377358490566
1	0.15	66.21428571428571	0.0660377358490566
2	0	41.0969387755102	0.9245283018867925
2	0.01	42.36040609137056	0.9292452830188679
2	0.02	46.72486772486773	0.8915094339622641
2	0.03	57.3780487804878	0.7735849056603774
2	0.04	63.603053435114504	0.6179245283018868
2	0.05	68.82222222222222	0.42452830188679247
2	0.06	72.30882352941177	0.32075471698113206
2	0.07	72.26923076923077	0.24528301886792453
2	0.08	70.65789473684211	0.1792452830188679
2	0.09	72.15625	0.1509433962264151
2	0.1	72.42857142857143	0.1320754716981132
2	0.11	70.81818181818181	0.10377358490566038
2	0.12	70.05	0.09433962264150944
2	0.13	65.85	0.09433962264150944
2	0.14	71.52380952380952	0.09905660377358491
2	0.15	70.05882352941177	0.08018867924528301
3	0	41.0969387755102	0.9245283018867925
3	0.01	42.21938775510204	0.9245283018867925
3	0.02	46.67724867724868	0.8915094339622641
3	0.03	56.640243902439025	0.7735849056603774
3	0.04	64.63934426229508	0.5754716981132075
3	0.05	68.3913043478261	0.4339622641509434
3	0.06	72.72058823529412	0.32075471698113206
3	0.07	73.52941176470588	0.24056603773584906
3	0.08	72.0	0.17452830188679244
3	0.09	72.41379310344827	0.13679245283018868
3	0.1	71.18518518518519	0.12735849056603774
3	0.11	65.6842105263158	0.08962264150943396
3	0.12	64.75	0.07547169811320754
3	0.13	67.65	0.09433962264150944
3	0.14	68.58823529411765	0.08018867924528301
3	0.15	64.26666666666667	0.07075471698113207
4	0	41.0969387755102	0.9245283018867925
4	0.01	42.41836734693877	0.9245283018867925
4	0.02	47.29842931937173	0.9009433962264151
4	0.03	56.839506172839506	0.7641509433962265
4	0.04	67.12403100775194	0.6084905660377359
4	0.05	69.90526315789474	0.4481132075471698
4	0.06	67.4776119402985	0.3160377358490566
4	0.07	76.61666666666666	0.2830188679245283
4	0.08	72.67567567567568	0.17452830188679244
4	0.09	71.1875	0.1509433962264151
4	0.1	71.32	0.1179245283018868
4	0.11	63.3	0.09433962264150944
4	0.12	68.0625	0.07547169811320754
4	0.13	71.76470588235294	0.08018867924528301
4	0.14	67.75	0.07547169811320754
4	0.15	69.21428571428571	0.0660377358490566
5	0	41.0969387755102	0.9245283018867925
5	0.01	41.98461538461538	0.9198113207547169
5	0.02	46.06315789473684	0.8962264150943396
5	0.03	56.93975903614458	0.7830188679245284
5	0.04	63.53174603174603	0.5943396226415094
5	0.05	67.80681818181819	0.41509433962264153
5	0.06	72.43283582089552	0.3160377358490566
5	0.07	71.40425531914893	0.22169811320754718
5	0.08	71.0	0.1650943396226415
5	0.09	71.15625	0.1509433962264151
5	0.1	73.56521739130434	0.10849056603773585
5	0.11	64.15789473684211	0.08962264150943396
5	0.12	62.470588235294116	0.08018867924528301
5	0.13	65.8125	0.07547169811320754
5	0.14	65.29411764705883	0.08018867924528301
5	0.15	65.58333333333333	0.05660377358490566
6	0	41.0969387755102	0.9245283018867925
6	0.01	42.045918367346935	0.9245283018867925
6	0.02	46.638297872340424	0.8867924528301887
6	0.03	56.31055900621118	0.7594339622641509
6	0.04	64.36363636363636	0.6226415094339622
6	0.05	67.63529411764706	0.4009433962264151
6	0.06	70.67647058823529	0.32075471698113206
6	0.07	68.6829268292683	0.19339622641509435
6	0.08	74.70270270270271	0.17452830188679244
6	0.09	73.54545454545455	0.15566037735849056
6	0.1	65.18181818181819	0.10377358490566038
6	0.11	70.84210526315789	0.08962264150943396
6	0.12	72.85714285714286	0.09905660377358491
6	0.13	67.625	0.07547169811320754
6	0.14	63.0625	0.07547169811320754
6	0.15	65.92307692307692	0.06132075471698113
7	0	41.0969387755102	0.9245283018867925
7	0.01	41.88265306122449	0.9245283018867925
7	0.02	46.62105263157895	0.8962264150943396
7	0.03	57.484662576687114	0.7688679245283019
7	0.04	66.30147058823529	0.6415094339622641
7	0.05	68.36263736263736	0.42924528301886794
7	0.06	72.91176470588235	0.32075471698113206
7	0.07	75.91836734693878	0.23113207547169812
7	0.08	72.4390243902439	0.19339622641509435
7	0.09	75.63636363636364	0.15566037735849056
7	0.1	70.60714285714286	0.1320754716981132
7	0.11	65.14285714285714	0.09905660377358491
7	0.12	65.88235294117646	0.08018867924528301
7	0.13	65.28571428571429	0.0660377358490566
7	0.14	65.5	0.07547169811320754
7	0.15	64.78571428571429	0.0660377358490566
8	0	41.0969387755102	0.9245283018867925
8	0.01	41.66153846153846	0.9198113207547169
8	0.02	46.14736842105263	0.8962264150943396
8	0.03	57.383233532934135	0.7877358490566038
8	0.04	63.36220472440945	0.5990566037735849
8	0.05	69.01052631578948	0.4481132075471698
8	0.06	69.64516129032258	0.29245283018867924
8	0.07	72.07843137254902	0.24056603773584906
8	0.08	70.27027027027027	0.17452830188679244
8	0.09	73.3225806451613	0.14622641509433962
8	0.1	73.88	0.1179245283018868
8	0.11	66.35	0.09433962264150944
8	0.12	72.95833333333333	0.11320754716981132
8	0.13	69.95	0.09433962264150944
8	0.14	62.625	0.07547169811320754
8	0.15	67.6923076923077	0.06132075471698113
9	0	41.0969387755102	0.9245283018867925
9	0.01	42.29081632653061	0.9245283018867925
9	0.02	46.397905759162306	0.9009433962264151
9	0.03	56.85454545454545	0.7783018867924528
9	0.04	62.98412698412698	0.5943396226415094
9	0.05	67.78651685393258	0.419811320754717
9	0.06	70.63636363636364	0.3113207547169811
9	0.07	76.3921568627451	0.24056603773584906
9	0.08	71.51428571428572	0.1650943396226415
9	0.09	71.96666666666667	0.14150943396226415
9	0.1	71.16666666666667	0.11320754716981132
9	0.11	68.5	0.10377358490566038
9	0.12	61.86666666666667	0.07075471698113207
9	0.13	74.83333333333333	0.08490566037735849
9	0.14	71.70588235294117	0.08018867924528301
9	0.15	70.66666666666667	0.07075471698113207
10	0	41.0969387755102	0.9245283018867925
10	0.01	41.8974358974359	0.9198113207547169
10	0.02	46.17368421052632	0.8962264150943396
10	0.03	56.261146496815286	0.7405660377358491
10	0.04	64.7560975609756	0.5801886792452831
10	0.05	66.73033707865169	0.419811320754717
10	0.06	71.27692307692308	0.30660377358490565
10	0.07	72.04444444444445	0.21226415094339623
10	0.08	74.17948717948718	0.18396226415094338
10	0.09	69.60606060606061	0.15566037735849056
10	0.1	72.79310344827586	0.13679245283018868
10	0.11	69.85714285714286	0.09905660377358491
10	0.12	70.15789473684211	0.08962264150943396
10	0.13	65.82352941176471	0.08018867924528301
10	0.14	66.5625	0.07547169811320754
10	0.15	65.78571428571429	0.0660377358490566
11	0	41.0969387755102	0.9245283018867925
11	0.01	42.035714285714285	0.9245283018867925
11	0.02	47.11052631578947	0.8962264150943396
11	0.03	56.5609756097561	0.7735849056603774
11	0.04	65.06299212598425	0.5990566037735849
11	0.05	67.32183908045977	0.41037735849056606
11	0.06	72.43478260869566	0.32547169811320753
11	0.07	73.08	0.2358490566037736
11	0.08	72.70270270270271	0.17452830188679244
11	0.09	74.41666666666667	0.16981132075471697
11	0.1	67.48	0.1179245283018868
11	0.11	65.73684210526316	0.08962264150943396
11	0.12	66.16666666666667	0.08490566037735849
11	0.13	65.5	0.08490566037735849
11	0.14	66.05555555555556	0.08490566037735849
11	0.15	65.46666666666667	0.07075471698113207
12	0	41.0969387755102	0.9245283018867925
12	0.01	42.22842639593909	0.9292452830188679
12	0.02	46.75916230366492	0.9009433962264151
12	0.03	56.592592592592595	0.7641509433962265
12	0.04	64.640625	0.6037735849056604
12	0.05	63.61904761904762	0.39622641509433965
12	0.06	70.47826086956522	0.32547169811320753
12	0.07	73.98	0.2358490566037736
12	0.08	73.09302325581395	0.2028301886792453
12	0.09	74.14285714285714	0.1650943396226415
12	0.1	68.32	0.1179245283018868
12	0.11	69.63636363636364	0.10377358490566038
12	0.12	67.3	0.09433962264150944
12	0.13	65.41176470588235	0.08018867924528301
12	0.14	66.5	0.0660377358490566
12	0.15	64.23076923076923	0.06132075471698113
13	0	41.0969387755102	0.9245283018867925
13	0.01	42.09230769230769	0.9198113207547169
13	0.02	46.626315789473686	0.8962264150943396
13	0.03	57.054545454545455	0.7783018867924528
13	0.04	65.64	0.589622641509434
13	0.05	68.41304347826087	0.4339622641509434
13	0.06	70.90625	0.3018867924528302
13	0.07	73.61224489795919	0.23113207547169812
13	0.08	71.56756756756756	0.17452830188679244
13	0.09	67.56666666666666	0.14150943396226415
13	0.1	69.78260869565217	0.10849056603773585
13	0.11	67.6	0.1179245283018868
13	0.12	66.0	0.08018867924528301
13	0.13	68.5625	0.07547169811320754
13	0.14	65.2	0.07075471698113207
13	0.15	65.4	0.07075471698113207
14	0	41.0969387755102	0.9245283018867925
14	0.01	42.04081632653061	0.9245283018867925
14	0.02	45.87700534759358	0.8820754716981132
14	0.03	57.829268292682926	0.7735849056603774
14	0.04	64.43307086614173	0.5990566037735849
14	0.05	69.6236559139785	0.4386792452830189
14	0.06	71.21126760563381	0.33490566037735847
14	0.07	73.72916666666667	0.22641509433962265
14	0.08	76.97435897435898	0.18396226415094338
14	0.09	72.66666666666667	0.12735849056603774
14	0.1	74.86666666666666	0.14150943396226415
14	0.11	70.19047619047619	0.09905660377358491
14	0.12	70.47619047619048	0.09905660377358491
14	0.13	68.94736842105263	0.08962264150943396
14	0.14	69.84210526315789	0.08962264150943396
14	0.15	62.0	0.05188679245283019
15	0	41.0969387755102	0.9245283018867925
15	0.01	42.20812182741117	0.9292452830188679
15	0.02	45.810526315789474	0.8962264150943396
15	0.03	57.448484848484846	0.7783018867924528
15	0.04	63.96774193548387	0.5849056603773585
15	0.05	68.88636363636364	0.41509433962264153
15	0.06	73.14864864864865	0.3490566037735849
15	0.07	74.9423076923077	0.24528301886792453
15	0.08	68.86206896551724	0.13679245283018868
15	0.09	70.21212121212122	0.15566037735849056
15	0.1	66.5	0.10377358490566038
15	0.11	67.0952380952381	0.09905660377358491
15	0.12	64.4	0.07075471698113207
15	0.13	71.77777777777777	0.08490566037735849
15	0.14	69.6875	0.07547169811320754
15	0.15	67.0625	0.07547169811320754