Participant_Index	Noise_LOC	Reaction_Time	Accuracy
0	0	40.916666666666664	0.9622641509433962
0	0.01	41.227722772277225	0.9528301886792453
0	0.02	42.4040404040404	0.9339622641509434
0	0.03	47.68508287292818	0.8537735849056604
0	0.04	52.890243902439025	0.7735849056603774
0	0.05	57.088235294117645	0.6415094339622641
0	0.06	61.242990654205606	0.5047169811320755
0	0.07	60.98809523809524	0.39622641509433965
0	0.08	67.19354838709677	0.29245283018867924
0	0.09	65.71929824561404	0.2688679245283019
0	0.1	67.95121951219512	0.19339622641509435
0	0.11	62.758620689655174	0.13679245283018868
0	0.12	72.82608695652173	0.10849056603773585
0	0.13	66.0625	0.07547169811320754
0	0.14	65.38461538461539	0.06132075471698113
0	0.15	61.888888888888886	0.04245283018867924
1	0	40.916666666666664	0.9622641509433962
1	0.01	40.742574257425744	0.9528301886792453
1	0.02	42.857868020304565	0.9292452830188679
1	0.03	46.75409836065574	0.8632075471698113
1	0.04	52.607361963190186	0.7688679245283019
1	0.05	56.8359375	0.6037735849056604
1	0.06	61.68807339449541	0.5141509433962265
1	0.07	64.50649350649351	0.3632075471698113
1	0.08	65.58730158730158	0.2971698113207547
1	0.09	67.9074074074074	0.25471698113207547
1	0.1	67.67567567567568	0.17452830188679244
1	0.11	67.57142857142857	0.1320754716981132
1	0.12	64.71428571428571	0.09905660377358491
1	0.13	64.4375	0.07547169811320754
1	0.14	67.84615384615384	0.06132075471698113
1	0.15	70.0	0.05188679245283019
2	0	40.916666666666664	0.9622641509433962
2	0.01	41.17821782178218	0.9528301886792453
2	0.02	42.33838383838384	0.9339622641509434
2	0.03	46.93478260869565	0.8679245283018868
2	0.04	51.439490445859875	0.7405660377358491
2	0.05	58.785185185185185	0.6367924528301887
2	0.06	59.36190476190476	0.49528301886792453
2	0.07	62.30952380952381	0.39622641509433965
2	0.08	65.32876712328768	0.3443396226415094
2	0.09	67.96296296296296	0.25471698113207547
2	0.1	63.11904761904762	0.19811320754716982
2	0.11	65.88888888888889	0.12735849056603774
2	0.12	65.4090909090909	0.10377358490566038
2	0.13	66.52941176470588	0.08018867924528301
2	0.14	60.90909090909091	0.05188679245283019
2	0.15	62.0	0.05188679245283019
3	0	40.916666666666664	0.9622641509433962
3	0.01	40.67164179104478	0.9481132075471698
3	0.02	42.515306122448976	0.9245283018867925
3	0.03	46.37777777777778	0.8490566037735849
3	0.04	52.52866242038217	0.7405660377358491
3	0.05	57.669172932330824	0.6273584905660378
3	0.06	61.07070707070707	0.4669811320754717
3	0.07	62.98765432098765	0.38207547169811323
3	0.08	62.55	0.2830188679245283
3	0.09	67.92592592592592	0.25471698113207547
3	0.1	66.76744186046511	0.2028301886792453
3	0.11	66.83870967741936	0.14622641509433962
3	0.12	68.57142857142857	0.09905660377358491
3	0.13	62.666666666666664	0.07075471698113207
3	0.14	64.14285714285714	0.0660377358490566
3	0.15	67.63636363636364	0.05188679245283019
4	0	40.916666666666664	0.9622641509433962
4	0.01	41.34158415841584	0.9528301886792453
4	0.02	42.704081632653065	0.9245283018867925
4	0.03	47.67039106145251	0.8443396226415094
4	0.04	51.84905660377358	0.75
4	0.05	59.0	0.6226415094339622
4	0.06	60.372549019607845	0.4811320754716981
4	0.07	64.80459770114942	0.41037735849056606
4	0.08	64.98529411764706	0.32075471698113206
4	0.09	62.58490566037736	0.25
4	0.1	64.70731707317073	0.19339622641509435
4	0.11	66.9	0.14150943396226415
4	0.12	62.08695652173913	0.10849056603773585
4	0.13	62.1875	0.07547169811320754
4	0.14	61.06666666666667	0.07075471698113207
4	0.15	64.08333333333333	0.05660377358490566
5	0	40.916666666666664	0.9622641509433962
5	0.01	40.791044776119406	0.9481132075471698
5	0.02	42.578680203045685	0.9292452830188679
5	0.03	47.79032258064516	0.8773584905660378
5	0.04	52.858024691358025	0.7641509433962265
5	0.05	57.21052631578947	0.6273584905660378
5	0.06	60.48453608247423	0.45754716981132076
5	0.07	62.75949367088607	0.37264150943396224
5	0.08	61.05263157894737	0.2688679245283019
5	0.09	64.6	0.2358490566037736
5	0.1	62.146341463414636	0.19339622641509435
5	0.11	63.0	0.12264150943396226
5	0.12	60.26086956521739	0.10849056603773585
5	0.13	65.11111111111111	0.08490566037735849
5	0.14	66.58823529411765	0.08018867924528301
5	0.15	56.785714285714285	0.0660377358490566
6	0	40.916666666666664	0.9622641509433962
6	0.01	40.475247524752476	0.9528301886792453
6	0.02	42.95939086294416	0.9292452830188679
6	0.03	47.25	0.8679245283018868
6	0.04	52.15822784810127	0.7452830188679245
6	0.05	57.36764705882353	0.6415094339622641
6	0.06	60.375	0.49056603773584906
6	0.07	63.22784810126582	0.37264150943396224
6	0.08	64.9672131147541	0.28773584905660377
6	0.09	67.69090909090909	0.25943396226415094
6	0.1	64.48717948717949	0.18396226415094338
6	0.11	66.21875	0.1509433962264151
6	0.12	61.85	0.09433962264150944
6	0.13	56.904761904761905	0.09905660377358491
6	0.14	60.8125	0.07547169811320754
6	0.15	63.07692307692308	0.06132075471698113
7	0	40.916666666666664	0.9622641509433962
7	0.01	40.92079207920792	0.9528301886792453
7	0.02	42.24873096446701	0.9292452830188679
7	0.03	47.61748633879781	0.8632075471698113
7	0.04	51.76100628930818	0.75
7	0.05	57.84057971014493	0.6509433962264151
7	0.06	59.371428571428574	0.49528301886792453
7	0.07	62.36708860759494	0.37264150943396224
7	0.08	64.01492537313433	0.3160377358490566
7	0.09	65.25490196078431	0.24056603773584906
7	0.1	66.6842105263158	0.1792452830188679
7	0.11	66.14814814814815	0.12735849056603774
7	0.12	65.5909090909091	0.10377358490566038
7	0.13	61.89473684210526	0.08962264150943396
7	0.14	70.2	0.07075471698113207
7	0.15	62.25	0.05660377358490566
8	0	40.916666666666664	0.9622641509433962
8	0.01	40.945544554455445	0.9528301886792453
8	0.02	42.5959595959596	0.9339622641509434
8	0.03	47.36813186813187	0.8584905660377359
8	0.04	52.94478527607362	0.7688679245283019
8	0.05	56.58015267175573	0.6179245283018868
8	0.06	60.95238095238095	0.49528301886792453
8	0.07	61.116883116883116	0.3632075471698113
8	0.08	64.70491803278688	0.28773584905660377
8	0.09	65.17241379310344	0.27358490566037735
8	0.1	65.0	0.18867924528301888
8	0.11	66.18181818181819	0.15566037735849056
8	0.12	61.95238095238095	0.09905660377358491
8	0.13	62.76470588235294	0.08018867924528301
8	0.14	63.69230769230769	0.06132075471698113
8	0.15	66.6923076923077	0.06132075471698113
9	0	40.916666666666664	0.9622641509433962
9	0.01	41.32178217821782	0.9528301886792453
9	0.02	42.80808080808081	0.9339622641509434
9	0.03	47.09090909090909	0.8820754716981132
9	0.04	52.574074074074076	0.7641509433962265
9	0.05	57.837037037037035	0.6367924528301887
9	0.06	60.93877551020408	0.46226415094339623
9	0.07	61.22222222222222	0.38207547169811323
9	0.08	65.76190476190476	0.2971698113207547
9	0.09	67.78846153846153	0.24528301886792453
9	0.1	67.17777777777778	0.21226415094339623
9	0.11	65.86111111111111	0.16981132075471697
9	0.12	60.78947368421053	0.08962264150943396
9	0.13	63.45	0.09433962264150944
9	0.14	63.857142857142854	0.0660377358490566
9	0.15	67.3076923076923	0.06132075471698113
10	0	40.916666666666664	0.9622641509433962
10	0.01	40.646766169154226	0.9481132075471698
10	0.02	43.21827411167513	0.9292452830188679
10	0.03	46.902702702702705	0.8726415094339622
10	0.04	52.83647798742138	0.75
10	0.05	57.45238095238095	0.5943396226415094
10	0.06	60.6078431372549	0.4811320754716981
10	0.07	61.53846153846154	0.36792452830188677
10	0.08	63.73913043478261	0.32547169811320753
10	0.09	63.9622641509434	0.25
10	0.1	65.85714285714286	0.19811320754716982
10	0.11	62.58064516129032	0.14622641509433962
10	0.12	58.88235294117647	0.08018867924528301
10	0.13	58.94117647058823	0.08018867924528301
10	0.14	60.13333333333333	0.07075471698113207
10	0.15	68.35714285714286	0.0660377358490566
11	0	40.916666666666664	0.9622641509433962
11	0.01	41.43564356435643	0.9528301886792453
11	0.02	42.54545454545455	0.9339622641509434
11	0.03	47.082417582417584	0.8584905660377359
11	0.04	51.87662337662338	0.7264150943396226
11	0.05	59.81203007518797	0.6273584905660378
11	0.06	60.16	0.4716981132075472
11	0.07	61.20253164556962	0.37264150943396224
11	0.08	65.51612903225806	0.29245283018867924
11	0.09	66.57407407407408	0.25471698113207547
11	0.1	65.63888888888889	0.16981132075471697
11	0.11	62.32142857142857	0.1320754716981132
11	0.12	60.1578947368421	0.08962264150943396
11	0.13	55.578947368421055	0.08962264150943396
11	0.14	67.66666666666667	0.07075471698113207
11	0.15	68.91666666666667	0.05660377358490566
12	0	40.916666666666664	0.9622641509433962
12	0.01	41.306930693069305	0.9528301886792453
12	0.02	42.64141414141414	0.9339622641509434
12	0.03	46.84065934065934	0.8584905660377359
12	0.04	52.91566265060241	0.7830188679245284
12	0.05	58.78195488721804	0.6273584905660378
12	0.06	62.23076923076923	0.49056603773584906
12	0.07	62.822784810126585	0.37264150943396224
12	0.08	62.507462686567166	0.3160377358490566
12	0.09	66.84615384615384	0.24528301886792453
12	0.1	68.02380952380952	0.19811320754716982
12	0.11	61.125	0.11320754716981132
12	0.12	68.47826086956522	0.10849056603773585
12	0.13	65.16666666666667	0.08490566037735849
12	0.14	69.26666666666667	0.07075471698113207
12	0.15	68.07142857142857	0.0660377358490566
13	0	40.916666666666664	0.9622641509433962
13	0.01	41.613861386138616	0.9528301886792453
13	0.02	42.64467005076142	0.9292452830188679
13	0.03	47.049180327868854	0.8632075471698113
13	0.04	52.45625	0.7547169811320755
13	0.05	58.77777777777778	0.6367924528301887
13	0.06	59.63	0.4716981132075472
13	0.07	63.35443037974684	0.37264150943396224
13	0.08	64.84848484848484	0.3113207547169811
13	0.09	66.06	0.2358490566037736
13	0.1	68.02325581395348	0.2028301886792453
13	0.11	66.10344827586206	0.13679245283018868
13	0.12	62.625	0.11320754716981132
13	0.13	64.5	0.08490566037735849
13	0.14	68.0	0.07075471698113207
13	0.15	65.0909090909091	0.05188679245283019
14	0	40.916666666666664	0.9622641509433962
14	0.01	41.08910891089109	0.9528301886792453
14	0.02	42.86294416243655	0.9292452830188679
14	0.03	47.27777777777778	0.8490566037735849
14	0.04	51.58895705521472	0.7688679245283019
14	0.05	58.8235294117647	0.6415094339622641
14	0.06	60.303030303030305	0.4669811320754717
14	0.07	63.333333333333336	0.38207547169811323
14	0.08	62.81967213114754	0.28773584905660377
14	0.09	66.19148936170212	0.22169811320754718
14	0.1	66.47368421052632	0.1792452830188679
14	0.11	64.48275862068965	0.13679245283018868
14	0.12	66.47826086956522	0.10849056603773585
14	0.13	65.72222222222223	0.08490566037735849
14	0.14	68.76470588235294	0.08018867924528301
14	0.15	58.90909090909091	0.05188679245283019
15	0	40.916666666666664	0.9622641509433962
15	0.01	41.21287128712871	0.9528301886792453
15	0.02	43.08585858585859	0.9339622641509434
15	0.03	47.8232044198895	0.8537735849056604
15	0.04	52.61490683229814	0.7594339622641509
15	0.05	57.48905109489051	0.6462264150943396
15	0.06	60.898989898989896	0.4669811320754717
15	0.07	63.256410256410255	0.36792452830188677
15	0.08	62.91044776119403	0.3160377358490566
15	0.09	64.23076923076923	0.24528301886792453
15	0.1	63.97142857142857	0.1650943396226415
15	0.11	62.193548387096776	0.14622641509433962
15	0.12	63.333333333333336	0.09905660377358491
15	0.13	69.15789473684211	0.08962264150943396
15	0.14	65.6	0.09433962264150944
15	0.15	65.33333333333333	0.05660377358490566