Participant_Index	Noise_LOC	Reaction_Time	Accuracy
0	0	40.46969696969697	0.9339622641509434
0	0.01	41.34848484848485	0.9339622641509434
0	0.02	45.74611398963731	0.910377358490566
0	0.03	54.66467065868263	0.7877358490566038
0	0.04	64.30656934306569	0.6462264150943396
0	0.05	67.6734693877551	0.46226415094339623
0	0.06	69.39473684210526	0.3584905660377358
0	0.07	73.33898305084746	0.2783018867924528
0	0.08	74.06976744186046	0.2028301886792453
0	0.09	73.94871794871794	0.18396226415094338
0	0.1	72.29032258064517	0.14622641509433962
0	0.11	69.37931034482759	0.13679245283018868
0	0.12	72.54166666666667	0.11320754716981132
0	0.13	71.55	0.09433962264150944
0	0.14	65.4375	0.07547169811320754
0	0.15	67.55555555555556	0.08490566037735849
1	0	40.46969696969697	0.9339622641509434
1	0.01	41.84924623115578	0.9386792452830188
1	0.02	45.6580310880829	0.910377358490566
1	0.03	55.751479289940825	0.7971698113207547
1	0.04	61.88721804511278	0.6273584905660378
1	0.05	67.75961538461539	0.49056603773584906
1	0.06	71.81333333333333	0.35377358490566035
1	0.07	72.2741935483871	0.29245283018867924
1	0.08	77.22916666666667	0.22641509433962265
1	0.09	74.32352941176471	0.16037735849056603
1	0.1	70.90322580645162	0.14622641509433962
1	0.11	72.64285714285714	0.1320754716981132
1	0.12	66.4090909090909	0.10377358490566038
1	0.13	74.26315789473684	0.08962264150943396
1	0.14	61.93333333333333	0.07075471698113207
1	0.15	70.83333333333333	0.08490566037735849
2	0	40.46969696969697	0.9339622641509434
2	0.01	41.24747474747475	0.9339622641509434
2	0.02	45.72680412371134	0.9150943396226415
2	0.03	56.16959064327485	0.8066037735849056
2	0.04	63.76119402985075	0.6320754716981132
2	0.05	68.0721649484536	0.45754716981132076
2	0.06	71.71428571428571	0.3632075471698113
2	0.07	72.8	0.2358490566037736
2	0.08	73.53846153846153	0.24528301886792453
2	0.09	72.36111111111111	0.16981132075471697
2	0.1	70.10344827586206	0.13679245283018868
2	0.11	74.64285714285714	0.1320754716981132
2	0.12	67.84615384615384	0.12264150943396226
2	0.13	69.55	0.09433962264150944
2	0.14	69.22222222222223	0.08490566037735849
2	0.15	68.0	0.07075471698113207
3	0	40.46969696969697	0.9339622641509434
3	0.01	41.464646464646464	0.9339622641509434
3	0.02	45.766839378238345	0.910377358490566
3	0.03	54.46060606060606	0.7783018867924528
3	0.04	64.66906474820144	0.6556603773584906
3	0.05	67.86407766990291	0.4858490566037736
3	0.06	73.49411764705883	0.4009433962264151
3	0.07	74.33928571428571	0.2641509433962264
3	0.08	70.62	0.2358490566037736
3	0.09	72.36842105263158	0.1792452830188679
3	0.1	69.8	0.1179245283018868
3	0.11	75.12	0.1179245283018868
3	0.12	71.52380952380952	0.09905660377358491
3	0.13	69.0952380952381	0.09905660377358491
3	0.14	67.8125	0.07547169811320754
3	0.15	64.75	0.07547169811320754
4	0	40.46969696969697	0.9339622641509434
4	0.01	41.24873096446701	0.9292452830188679
4	0.02	45.865979381443296	0.9150943396226415
4	0.03	56.30232558139535	0.8113207547169812
4	0.04	63.13533834586466	0.6273584905660378
4	0.05	68.3069306930693	0.47641509433962265
4	0.06	69.05263157894737	0.3584905660377358
4	0.07	70.33962264150944	0.25
4	0.08	74.44680851063829	0.22169811320754718
4	0.09	74.16666666666667	0.19811320754716982
4	0.1	65.9	0.14150943396226415
4	0.11	71.74074074074075	0.12735849056603774
4	0.12	67.95454545454545	0.10377358490566038
4	0.13	67.0952380952381	0.09905660377358491
4	0.14	68.125	0.07547169811320754
4	0.15	67.47368421052632	0.08962264150943396
5	0	40.46969696969697	0.9339622641509434
5	0.01	41.63636363636363	0.9339622641509434
5	0.02	46.07253886010363	0.910377358490566
5	0.03	56.18674698795181	0.7830188679245284
5	0.04	61.52272727272727	0.6226415094339622
5	0.05	67.94897959183673	0.46226415094339623
5	0.06	71.3076923076923	0.36792452830188677
5	0.07	74.2	0.30660377358490565
5	0.08	70.5	0.2169811320754717
5	0.09	73.62162162162163	0.17452830188679244
5	0.1	73.58620689655173	0.13679245283018868
5	0.11	72.25925925925925	0.12735849056603774
5	0.12	74.83333333333333	0.11320754716981132
5	0.13	70.21052631578948	0.08962264150943396
5	0.14	65.9375	0.07547169811320754
5	0.15	63.4	0.07075471698113207
6	0	40.46969696969697	0.9339622641509434
6	0.01	41.34848484848485	0.9339622641509434
6	0.02	45.61340206185567	0.9150943396226415
6	0.03	54.97575757575758	0.7783018867924528
6	0.04	62.28346456692913	0.5990566037735849
6	0.05	66.95959595959596	0.4669811320754717
6	0.06	71.62025316455696	0.37264150943396224
6	0.07	71.64406779661017	0.2783018867924528
6	0.08	72.4047619047619	0.19811320754716982
6	0.09	71.86486486486487	0.17452830188679244
6	0.1	72.11538461538461	0.12264150943396226
6	0.11	73.65384615384616	0.12264150943396226
6	0.12	70.96	0.1179245283018868
6	0.13	65.70588235294117	0.08018867924528301
6	0.14	69.63157894736842	0.08962264150943396
6	0.15	66.53333333333333	0.07075471698113207
7	0	40.46969696969697	0.9339622641509434
7	0.01	41.28787878787879	0.9339622641509434
7	0.02	45.72164948453608	0.9150943396226415
7	0.03	56.49704142011834	0.7971698113207547
7	0.04	64.42222222222222	0.6367924528301887
7	0.05	67.10204081632654	0.46226415094339623
7	0.06	69.75342465753425	0.3443396226415094
7	0.07	73.2280701754386	0.2688679245283019
7	0.08	72.41463414634147	0.19339622641509435
7	0.09	73.08333333333333	0.16981132075471697
7	0.1	72.05882352941177	0.16037735849056603
7	0.11	66.57692307692308	0.12264150943396226
7	0.12	66.23529411764706	0.08018867924528301
7	0.13	68.3157894736842	0.08962264150943396
7	0.14	62.1764705882353	0.08018867924528301
7	0.15	65.0	0.07075471698113207
8	0	40.46969696969697	0.9339622641509434
8	0.01	41.37373737373738	0.9339622641509434
8	0.02	45.61538461538461	0.9198113207547169
8	0.03	55.54216867469879	0.7830188679245284
8	0.04	63.92537313432836	0.6320754716981132
8	0.05	66.09183673469387	0.46226415094339623
8	0.06	71.3157894736842	0.3584905660377358
8	0.07	74.75757575757575	0.3113207547169811
8	0.08	71.1086956521739	0.2169811320754717
8	0.09	73.12121212121212	0.15566037735849056
8	0.1	73.29032258064517	0.14622641509433962
8	0.11	72.22727272727273	0.10377358490566038
8	0.12	70.44	0.1179245283018868
8	0.13	69.3529411764706	0.08018867924528301
8	0.14	65.17647058823529	0.08018867924528301
8	0.15	66.46666666666667	0.07075471698113207
9	0	40.46969696969697	0.9339622641509434
9	0.01	40.77272727272727	0.9339622641509434
9	0.02	45.07253886010363	0.910377358490566
9	0.03	55.538922155688624	0.7877358490566038
9	0.04	61.89312977099237	0.6179245283018868
9	0.05	66.27083333333333	0.4528301886792453
9	0.06	70.38666666666667	0.35377358490566035
9	0.07	73.75438596491227	0.2688679245283019
9	0.08	73.02380952380952	0.19811320754716982
9	0.09	76.46511627906976	0.2028301886792453
9	0.1	68.86666666666666	0.14150943396226415
9	0.11	67.63636363636364	0.10377358490566038
9	0.12	72.56521739130434	0.10849056603773585
9	0.13	71.45	0.09433962264150944
9	0.14	67.83333333333333	0.08490566037735849
9	0.15	66.66666666666667	0.07075471698113207
10	0	40.46969696969697	0.9339622641509434
10	0.01	41.64646464646464	0.9339622641509434
10	0.02	45.707692307692305	0.9198113207547169
10	0.03	54.74556213017752	0.7971698113207547
10	0.04	61.4296875	0.6037735849056604
10	0.05	66.98989898989899	0.4669811320754717
10	0.06	72.79746835443038	0.37264150943396224
10	0.07	74.64285714285714	0.2641509433962264
10	0.08	74.06666666666666	0.21226415094339623
10	0.09	71.25641025641026	0.18396226415094338
10	0.1	73.66666666666667	0.12735849056603774
10	0.11	69.8	0.1179245283018868
10	0.12	71.68181818181819	0.10377358490566038
10	0.13	69.31818181818181	0.10377358490566038
10	0.14	74.44444444444444	0.08490566037735849
10	0.15	65.28571428571429	0.0660377358490566
11	0	40.46969696969697	0.9339622641509434
11	0.01	41.44444444444444	0.9339622641509434
11	0.02	45.82383419689119	0.910377358490566
11	0.03	56.24848484848485	0.7783018867924528
11	0.04	63.4	0.6367924528301887
11	0.05	67.16494845360825	0.45754716981132076
11	0.06	71.77922077922078	0.3632075471698113
11	0.07	73.65517241379311	0.27358490566037735
11	0.08	75.44	0.2358490566037736
11	0.09	72.51282051282051	0.18396226415094338
11	0.1	70.91304347826087	0.10849056603773585
11	0.11	67.55555555555556	0.12735849056603774
11	0.12	62.42857142857143	0.09905660377358491
11	0.13	67.72222222222223	0.08490566037735849
11	0.14	66.5	0.08490566037735849
11	0.15	69.78571428571429	0.0660377358490566
12	0	40.46969696969697	0.9339622641509434
12	0.01	41.33838383838384	0.9339622641509434
12	0.02	45.85641025641026	0.9198113207547169
12	0.03	54.24539877300614	0.7688679245283019
12	0.04	63.090225563909776	0.6273584905660378
12	0.05	65.9795918367347	0.46226415094339623
12	0.06	69.16666666666667	0.3113207547169811
12	0.07	74.32075471698113	0.25
12	0.08	76.29166666666667	0.22641509433962265
12	0.09	69.47368421052632	0.1792452830188679
12	0.1	70.03846153846153	0.12264150943396226
12	0.11	70.41666666666667	0.11320754716981132
12	0.12	68.61904761904762	0.09905660377358491
12	0.13	72.22727272727273	0.10377358490566038
12	0.14	63.4	0.07075471698113207
12	0.15	65.84615384615384	0.06132075471698113
13	0	40.46969696969697	0.9339622641509434
13	0.01	41.5	0.9339622641509434
13	0.02	45.92783505154639	0.9150943396226415
13	0.03	55.6094674556213	0.7971698113207547
13	0.04	63.298507462686565	0.6320754716981132
13	0.05	67.75757575757575	0.4669811320754717
13	0.06	68.125	0.33962264150943394
13	0.07	72.33898305084746	0.2783018867924528
13	0.08	72.78260869565217	0.2169811320754717
13	0.09	73.15	0.18867924528301888
13	0.1	72.72727272727273	0.15566037735849056
13	0.11	66.9090909090909	0.10377358490566038
13	0.12	70.73913043478261	0.10849056603773585
13	0.13	66.3157894736842	0.08962264150943396
13	0.14	65.47368421052632	0.08962264150943396
13	0.15	68.29411764705883	0.08018867924528301
14	0	40.46969696969697	0.9339622641509434
14	0.01	41.27272727272727	0.9339622641509434
14	0.02	45.80927835051546	0.9150943396226415
14	0.03	55.76923076923077	0.7971698113207547
14	0.04	63.67669172932331	0.6273584905660378
14	0.05	68.46938775510205	0.46226415094339623
14	0.06	69.8	0.35377358490566035
14	0.07	73.0	0.28773584905660377
14	0.08	72.54761904761905	0.19811320754716982
14	0.09	72.10810810810811	0.17452830188679244
14	0.1	70.27272727272727	0.15566037735849056
14	0.11	73.71428571428571	0.1320754716981132
14	0.12	74.26923076923077	0.12264150943396226
14	0.13	62.411764705882355	0.08018867924528301
14	0.14	70.11764705882354	0.08018867924528301
14	0.15	67.55	0.09433962264150944
15	0	40.46969696969697	0.9339622641509434
15	0.01	41.31818181818182	0.9339622641509434
15	0.02	44.96373056994819	0.910377358490566
15	0.03	55.01764705882353	0.8018867924528302
15	0.04	63.906976744186046	0.6084905660377359
15	0.05	67.48	0.4716981132075472
15	0.06	70.21621621621621	0.3490566037735849
15	0.07	71.30909090909091	0.25943396226415094
15	0.08	72.78048780487805	0.19339622641509435
15	0.09	71.51428571428572	0.1650943396226415
15	0.1	68.96153846153847	0.12264150943396226
15	0.11	68.68	0.1179245283018868
15	0.12	70.5909090909091	0.10377358490566038
15	0.13	70.31818181818181	0.10377358490566038
15	0.14	74.7	0.09433962264150944
15	0.15	65.8	0.07075471698113207