Participant_Index	Noise_LOC	Reaction_Time	Accuracy
0	0	38.52153110047847	0.9858490566037735
0	0.01	45.62987012987013	0.7264150943396226
0	0.02	51.475	0.18867924528301888
0	0.03	51.15384615384615	0.06132075471698113
0	0.04	44.75	0.018867924528301886
0	0.05	50.0	0.018867924528301886
0	0.06	48.25	0.018867924528301886
0	0.07	43.25	0.018867924528301886
0	0.08	52.0	0.018867924528301886
0	0.09	51.5	0.018867924528301886
0	0.1	45.75	0.018867924528301886
0	0.11	43.75	0.018867924528301886
0	0.12	45.25	0.018867924528301886
0	0.13	32.333333333333336	0.014150943396226415
0	0.14	46.0	0.018867924528301886
0	0.15	46.75	0.018867924528301886
1	0	38.52153110047847	0.9858490566037735
1	0.01	45.57236842105263	0.7169811320754716
1	0.02	51.35897435897436	0.18396226415094338
1	0.03	52.0	0.05660377358490566
1	0.04	45.75	0.018867924528301886
1	0.05	47.0	0.018867924528301886
1	0.06	35.0	0.018867924528301886
1	0.07	49.5	0.018867924528301886
1	0.08	50.25	0.018867924528301886
1	0.09	40.5	0.018867924528301886
1	0.1	45.25	0.018867924528301886
1	0.11	47.25	0.018867924528301886
1	0.12	47.25	0.018867924528301886
1	0.13	46.25	0.018867924528301886
1	0.14	44.25	0.018867924528301886
1	0.15	45.25	0.018867924528301886
2	0	38.52153110047847	0.9858490566037735
2	0.01	46.11038961038961	0.7264150943396226
2	0.02	51.89473684210526	0.1792452830188679
2	0.03	51.07692307692308	0.06132075471698113
2	0.04	50.75	0.018867924528301886
2	0.05	51.5	0.018867924528301886
2	0.06	48.5	0.018867924528301886
2	0.07	47.75	0.018867924528301886
2	0.08	42.0	0.018867924528301886
2	0.09	44.75	0.018867924528301886
2	0.1	44.5	0.018867924528301886
2	0.11	47.25	0.018867924528301886
2	0.12	49.5	0.018867924528301886
2	0.13	51.75	0.018867924528301886
2	0.14	42.75	0.018867924528301886
2	0.15	35.333333333333336	0.014150943396226415
3	0	38.52153110047847	0.9858490566037735
3	0.01	45.16216216216216	0.6981132075471698
3	0.02	50.64102564102564	0.18396226415094338
3	0.03	50.07692307692308	0.06132075471698113
3	0.04	34.75	0.018867924528301886
3	0.05	36.0	0.014150943396226415
3	0.06	48.0	0.018867924528301886
3	0.07	48.75	0.018867924528301886
3	0.08	54.25	0.018867924528301886
3	0.09	41.75	0.018867924528301886
3	0.1	43.0	0.018867924528301886
3	0.11	47.25	0.018867924528301886
3	0.12	51.25	0.018867924528301886
3	0.13	47.75	0.018867924528301886
3	0.14	43.25	0.018867924528301886
3	0.15	51.0	0.018867924528301886
4	0	38.52153110047847	0.9858490566037735
4	0.01	45.384105960264904	0.7122641509433962
4	0.02	51.92857142857143	0.19811320754716982
4	0.03	49.18181818181818	0.05188679245283019
4	0.04	45.5	0.018867924528301886
4	0.05	49.75	0.018867924528301886
4	0.06	46.5	0.018867924528301886
4	0.07	50.75	0.018867924528301886
4	0.08	50.75	0.018867924528301886
4	0.09	50.25	0.018867924528301886
4	0.1	42.0	0.018867924528301886
4	0.11	50.25	0.018867924528301886
4	0.12	48.25	0.018867924528301886
4	0.13	43.25	0.018867924528301886
4	0.14	47.75	0.018867924528301886
4	0.15	39.0	0.014150943396226415
5	0	38.52153110047847	0.9858490566037735
5	0.01	45.629139072847686	0.7122641509433962
5	0.02	52.12820512820513	0.18396226415094338
5	0.03	49.77777777777778	0.04245283018867924
5	0.04	40.25	0.018867924528301886
5	0.05	45.25	0.018867924528301886
5	0.06	46.0	0.018867924528301886
5	0.07	51.75	0.018867924528301886
5	0.08	51.5	0.018867924528301886
5	0.09	48.0	0.018867924528301886
5	0.1	52.0	0.018867924528301886
5	0.11	28.333333333333332	0.014150943396226415
5	0.12	46.25	0.018867924528301886
5	0.13	46.25	0.018867924528301886
5	0.14	50.75	0.018867924528301886
5	0.15	47.5	0.018867924528301886
6	0	38.52153110047847	0.9858490566037735
6	0.01	45.26	0.7075471698113207
6	0.02	51.361111111111114	0.16981132075471697
6	0.03	50.42857142857143	0.0660377358490566
6	0.04	52.25	0.018867924528301886
6	0.05	45.25	0.018867924528301886
6	0.06	53.75	0.018867924528301886
6	0.07	50.75	0.018867924528301886
6	0.08	52.25	0.018867924528301886
6	0.09	44.5	0.018867924528301886
6	0.1	42.25	0.018867924528301886
6	0.11	45.75	0.018867924528301886
6	0.12	47.5	0.018867924528301886
6	0.13	47.0	0.018867924528301886
6	0.14	47.0	0.018867924528301886
6	0.15	48.0	0.018867924528301886
7	0	38.52153110047847	0.9858490566037735
7	0.01	45.66	0.7075471698113207
7	0.02	50.717948717948715	0.18396226415094338
7	0.03	51.285714285714285	0.0660377358490566
7	0.04	48.75	0.018867924528301886
7	0.05	42.5	0.018867924528301886
7	0.06	44.75	0.018867924528301886
7	0.07	47.5	0.018867924528301886
7	0.08	42.0	0.018867924528301886
7	0.09	47.75	0.018867924528301886
7	0.1	41.75	0.018867924528301886
7	0.11	48.25	0.018867924528301886
7	0.12	46.25	0.018867924528301886
7	0.13	46.0	0.018867924528301886
7	0.14	47.25	0.018867924528301886
7	0.15	43.0	0.018867924528301886
8	0	38.52153110047847	0.9858490566037735
8	0.01	45.14093959731544	0.7028301886792453
8	0.02	51.421052631578945	0.1792452830188679
8	0.03	50.09090909090909	0.05188679245283019
8	0.04	49.75	0.018867924528301886
8	0.05	45.5	0.018867924528301886
8	0.06	46.75	0.018867924528301886
8	0.07	47.5	0.018867924528301886
8	0.08	49.5	0.018867924528301886
8	0.09	49.0	0.018867924528301886
8	0.1	47.75	0.018867924528301886
8	0.11	47.25	0.018867924528301886
8	0.12	51.5	0.018867924528301886
8	0.13	43.5	0.018867924528301886
8	0.14	34.333333333333336	0.014150943396226415
8	0.15	48.0	0.018867924528301886
9	0	38.52153110047847	0.9858490566037735
9	0.01	45.79194630872483	0.7028301886792453
9	0.02	51.21052631578947	0.1792452830188679
9	0.03	53.69230769230769	0.06132075471698113
9	0.04	48.25	0.018867924528301886
9	0.05	36.0	0.018867924528301886
9	0.06	51.75	0.018867924528301886
9	0.07	47.5	0.018867924528301886
9	0.08	50.75	0.018867924528301886
9	0.09	51.0	0.018867924528301886
9	0.1	46.25	0.018867924528301886
9	0.11	47.25	0.018867924528301886
9	0.12	46.5	0.018867924528301886
9	0.13	43.5	0.018867924528301886
9	0.14	51.75	0.018867924528301886
9	0.15	43.5	0.018867924528301886
10	0	38.52153110047847	0.9858490566037735
10	0.01	45.693333333333335	0.7075471698113207
10	0.02	50.921052631578945	0.1792452830188679
10	0.03	50.75	0.05660377358490566
10	0.04	42.0	0.018867924528301886
10	0.05	55.0	0.018867924528301886
10	0.06	44.25	0.018867924528301886
10	0.07	53.0	0.018867924528301886
10	0.08	42.75	0.018867924528301886
10	0.09	47.0	0.018867924528301886
10	0.1	45.75	0.018867924528301886
10	0.11	44.0	0.018867924528301886
10	0.12	51.25	0.018867924528301886
10	0.13	31.666666666666668	0.014150943396226415
10	0.14	47.75	0.018867924528301886
10	0.15	48.75	0.018867924528301886
11	0	38.52153110047847	0.9858490566037735
11	0.01	45.47682119205298	0.7122641509433962
11	0.02	51.97435897435897	0.18396226415094338
11	0.03	51.69230769230769	0.06132075471698113
11	0.04	41.25	0.018867924528301886
11	0.05	44.75	0.018867924528301886
11	0.06	51.25	0.018867924528301886
11	0.07	42.5	0.018867924528301886
11	0.08	42.25	0.018867924528301886
11	0.09	49.25	0.018867924528301886
11	0.1	51.75	0.018867924528301886
11	0.11	49.5	0.018867924528301886
11	0.12	50.75	0.018867924528301886
11	0.13	47.0	0.018867924528301886
11	0.14	50.5	0.018867924528301886
11	0.15	51.0	0.018867924528301886
12	0	38.52153110047847	0.9858490566037735
12	0.01	45.68666666666667	0.7075471698113207
12	0.02	51.5945945945946	0.17452830188679244
12	0.03	47.38461538461539	0.06132075471698113
12	0.04	40.5	0.018867924528301886
12	0.05	42.75	0.018867924528301886
12	0.06	41.5	0.018867924528301886
12	0.07	44.0	0.018867924528301886
12	0.08	44.5	0.018867924528301886
12	0.09	44.25	0.018867924528301886
12	0.1	51.75	0.018867924528301886
12	0.11	51.25	0.018867924528301886
12	0.12	51.0	0.018867924528301886
12	0.13	34.666666666666664	0.014150943396226415
12	0.14	45.75	0.018867924528301886
12	0.15	49.0	0.018867924528301886
13	0	38.52153110047847	0.9858490566037735
13	0.01	45.3	0.7075471698113207
13	0.02	52.926829268292686	0.19339622641509435
13	0.03	47.27272727272727	0.05188679245283019
13	0.04	42.0	0.018867924528301886
13	0.05	51.5	0.018867924528301886
13	0.06	51.25	0.018867924528301886
13	0.07	42.0	0.018867924528301886
13	0.08	39.666666666666664	0.014150943396226415
13	0.09	52.25	0.018867924528301886
13	0.1	52.25	0.018867924528301886
13	0.11	47.25	0.018867924528301886
13	0.12	45.5	0.018867924528301886
13	0.13	52.5	0.018867924528301886
13	0.14	43.5	0.018867924528301886
13	0.15	53.0	0.018867924528301886
14	0	38.52153110047847	0.9858490566037735
14	0.01	45.85333333333333	0.7075471698113207
14	0.02	51.666666666666664	0.18396226415094338
14	0.03	49.07692307692308	0.06132075471698113
14	0.04	43.75	0.018867924528301886
14	0.05	45.0	0.018867924528301886
14	0.06	48.5	0.018867924528301886
14	0.07	46.5	0.018867924528301886
14	0.08	47.25	0.018867924528301886
14	0.09	45.25	0.018867924528301886
14	0.1	46.75	0.018867924528301886
14	0.11	42.5	0.018867924528301886
14	0.12	50.0	0.018867924528301886
14	0.13	51.25	0.018867924528301886
14	0.14	44.0	0.018867924528301886
14	0.15	51.0	0.018867924528301886
15	0	38.52153110047847	0.9858490566037735
15	0.01	45.54304635761589	0.7122641509433962
15	0.02	51.05714285714286	0.1650943396226415
15	0.03	45.63636363636363	0.05188679245283019
15	0.04	44.75	0.018867924528301886
15	0.05	49.0	0.018867924528301886
15	0.06	45.5	0.018867924528301886
15	0.07	52.5	0.018867924528301886
15	0.08	31.5	0.018867924528301886
15	0.09	46.5	0.018867924528301886
15	0.1	44.5	0.018867924528301886
15	0.11	48.0	0.018867924528301886
15	0.12	47.25	0.018867924528301886
15	0.13	47.25	0.018867924528301886
15	0.14	51.0	0.018867924528301886
15	0.15	43.5	0.018867924528301886