Participant_Index	Noise_LOC	Reaction_Time	Accuracy
0	0	39.70048309178744	0.9764150943396226
0	0.01	39.17326732673267	0.9528301886792453
0	0.02	42.638743455497384	0.9009433962264151
0	0.03	49.26797385620915	0.7216981132075472
0	0.04	53.46788990825688	0.5141509433962265
0	0.05	60.640625	0.3018867924528302
0	0.06	56.86666666666667	0.14150943396226415
0	0.07	61.611111111111114	0.08490566037735849
0	0.08	53.75	0.05660377358490566
0	0.09	48.333333333333336	0.04245283018867924
0	0.1	66.33333333333333	0.02830188679245283
0	0.11	32.0	0.014150943396226415
0	0.12	51.5	0.009433962264150943
0	0.13	36.333333333333336	0.014150943396226415
0	0.14	47.5	0.009433962264150943
0	0.15	46.5	0.009433962264150943
1	0	39.70048309178744	0.9764150943396226
1	0.01	39.67487684729064	0.9575471698113207
1	0.02	42.37894736842105	0.8962264150943396
1	0.03	49.33112582781457	0.7122641509433962
1	0.04	54.89565217391304	0.5424528301886793
1	0.05	58.85294117647059	0.32075471698113206
1	0.06	56.607142857142854	0.1320754716981132
1	0.07	55.5625	0.07547169811320754
1	0.08	60.15384615384615	0.06132075471698113
1	0.09	61.09090909090909	0.05188679245283019
1	0.1	59.5	0.02830188679245283
1	0.11	41.42857142857143	0.0330188679245283
1	0.12	33.0	0.014150943396226415
1	0.13	48.5	0.018867924528301886
1	0.14	38.0	0.009433962264150943
1	0.15	61.666666666666664	0.014150943396226415
2	0	39.70048309178744	0.9764150943396226
2	0.01	39.118811881188115	0.9528301886792453
2	0.02	42.67741935483871	0.8773584905660378
2	0.03	48.060810810810814	0.6981132075471698
2	0.04	53.823008849557525	0.5330188679245284
2	0.05	60.91304347826087	0.32547169811320753
2	0.06	58.07142857142857	0.1320754716981132
2	0.07	58.94117647058823	0.08018867924528301
2	0.08	59.5	0.05660377358490566
2	0.09	40.714285714285715	0.0330188679245283
2	0.1	67.66666666666667	0.02830188679245283
2	0.11	43.75	0.018867924528301886
2	0.12	62.333333333333336	0.014150943396226415
2	0.13	71.75	0.018867924528301886
2	0.14	36.666666666666664	0.014150943396226415
2	0.15	15.0	0.014150943396226415
3	0	39.70048309178744	0.9764150943396226
3	0.01	39.354679802955665	0.9575471698113207
3	0.02	42.505208333333336	0.9056603773584906
3	0.03	48.308724832214764	0.7028301886792453
3	0.04	55.20909090909091	0.5188679245283019
3	0.05	63.37837837837838	0.3490566037735849
3	0.06	60.02777777777778	0.16981132075471697
3	0.07	58.833333333333336	0.08490566037735849
3	0.08	59.916666666666664	0.05660377358490566
3	0.09	59.888888888888886	0.04245283018867924
3	0.1	61.0	0.02358490566037736
3	0.11	48.4	0.02358490566037736
3	0.12	57.0	0.02358490566037736
3	0.13	16.5	0.009433962264150943
3	0.14	56.333333333333336	0.014150943396226415
3	0.15	65.0	0.014150943396226415
4	0	39.70048309178744	0.9764150943396226
4	0.01	39.31683168316832	0.9528301886792453
4	0.02	42.40425531914894	0.8867924528301887
4	0.03	50.02547770700637	0.7405660377358491
4	0.04	55.283185840707965	0.5330188679245284
4	0.05	60.16923076923077	0.30660377358490565
4	0.06	58.3125	0.1509433962264151
4	0.07	63.1764705882353	0.08018867924528301
4	0.08	60.0	0.06132075471698113
4	0.09	57.666666666666664	0.04245283018867924
4	0.1	66.66666666666667	0.02830188679245283
4	0.11	45.0	0.02830188679245283
4	0.12	53.666666666666664	0.014150943396226415
4	0.13	57.0	0.014150943396226415
4	0.14	47.0	0.009433962264150943
4	0.15	20.5	0.009433962264150943
5	0	39.70048309178744	0.9764150943396226
5	0.01	38.93564356435643	0.9528301886792453
5	0.02	42.333333333333336	0.8915094339622641
5	0.03	49.19205298013245	0.7122641509433962
5	0.04	54.52252252252252	0.5235849056603774
5	0.05	60.04225352112676	0.33490566037735847
5	0.06	58.84848484848485	0.15566037735849056
5	0.07	59.888888888888886	0.08490566037735849
5	0.08	56.333333333333336	0.05660377358490566
5	0.09	58.0	0.0330188679245283
5	0.1	58.0	0.03773584905660377
5	0.11	56.142857142857146	0.0330188679245283
5	0.12	43.0	0.009433962264150943
5	0.13	33.25	0.018867924528301886
5	0.14	28.0	0.018867924528301886
5	0.15	50.5	0.009433962264150943
6	0	39.70048309178744	0.9764150943396226
6	0.01	39.44059405940594	0.9528301886792453
6	0.02	42.72282608695652	0.8679245283018868
6	0.03	48.326797385620914	0.7216981132075472
6	0.04	54.57657657657658	0.5235849056603774
6	0.05	62.0	0.3443396226415094
6	0.06	62.03125	0.1509433962264151
6	0.07	55.833333333333336	0.08490566037735849
6	0.08	50.36363636363637	0.05188679245283019
6	0.09	47.75	0.03773584905660377
6	0.1	59.285714285714285	0.0330188679245283
6	0.11	62.285714285714285	0.0330188679245283
6	0.12	43.2	0.02358490566037736
6	0.13	48.5	0.009433962264150943
6	0.14	19.0	0.0047169811320754715
6	0.15	20.666666666666668	0.014150943396226415
7	0	39.70048309178744	0.9764150943396226
7	0.01	39.443349753694584	0.9575471698113207
7	0.02	42.68617021276596	0.8867924528301887
7	0.03	49.44	0.7075471698113207
7	0.04	54.7	0.5188679245283019
7	0.05	61.44615384615385	0.30660377358490565
7	0.06	62.083333333333336	0.16981132075471697
7	0.07	57.8235294117647	0.08018867924528301
7	0.08	58.23076923076923	0.06132075471698113
7	0.09	63.666666666666664	0.02830188679245283
7	0.1	46.42857142857143	0.0330188679245283
7	0.11	70.33333333333333	0.02830188679245283
7	0.12	57.8	0.02358490566037736
7	0.13	55.0	0.009433962264150943
7	0.14	51.5	0.009433962264150943
7	0.15	45.0	0.009433962264150943
8	0	39.70048309178744	0.9764150943396226
8	0.01	39.21287128712871	0.9528301886792453
8	0.02	42.09473684210526	0.8962264150943396
8	0.03	49.629139072847686	0.7122641509433962
8	0.04	54.828828828828826	0.5235849056603774
8	0.05	60.07462686567164	0.3160377358490566
8	0.06	60.44827586206897	0.13679245283018868
8	0.07	56.6	0.07075471698113207
8	0.08	61.7	0.04716981132075472
8	0.09	54.4	0.04716981132075472
8	0.1	57.5	0.02830188679245283
8	0.11	45.75	0.018867924528301886
8	0.12	37.666666666666664	0.014150943396226415
8	0.13	53.0	0.014150943396226415
8	0.14	47.5	0.009433962264150943
8	0.15	43.0	0.009433962264150943
9	0	39.70048309178744	0.9764150943396226
9	0.01	39.198019801980195	0.9528301886792453
9	0.02	42.25396825396825	0.8915094339622641
9	0.03	49.36666666666667	0.7075471698113207
9	0.04	56.13274336283186	0.5330188679245284
9	0.05	60.774647887323944	0.33490566037735847
9	0.06	58.96774193548387	0.14622641509433962
9	0.07	53.125	0.07547169811320754
9	0.08	68.72727272727273	0.05188679245283019
9	0.09	61.625	0.03773584905660377
9	0.1	66.0	0.0330188679245283
9	0.11	34.8	0.02358490566037736
9	0.12	55.0	0.014150943396226415
9	0.13	34.666666666666664	0.014150943396226415
9	0.14	38.666666666666664	0.014150943396226415
9	0.15	42.0	0.009433962264150943
10	0	39.70048309178744	0.9764150943396226
10	0.01	39.21782178217822	0.9528301886792453
10	0.02	42.68449197860963	0.8820754716981132
10	0.03	49.58389261744966	0.7028301886792453
10	0.04	55.445454545454545	0.5188679245283019
10	0.05	63.333333333333336	0.3113207547169811
10	0.06	60.63636363636363	0.15566037735849056
10	0.07	63.833333333333336	0.08490566037735849
10	0.08	52.833333333333336	0.05660377358490566
10	0.09	49.57142857142857	0.0330188679245283
10	0.1	47.833333333333336	0.02830188679245283
10	0.11	59.25	0.018867924528301886
10	0.12	47.75	0.018867924528301886
10	0.13	62.666666666666664	0.014150943396226415
10	0.14	47.0	0.009433962264150943
10	0.15	60.333333333333336	0.014150943396226415
11	0	39.70048309178744	0.9764150943396226
11	0.01	38.98514851485149	0.9528301886792453
11	0.02	42.54255319148936	0.8867924528301887
11	0.03	48.946666666666665	0.7075471698113207
11	0.04	54.18691588785047	0.5047169811320755
11	0.05	63.888888888888886	0.33962264150943394
11	0.06	59.17857142857143	0.1320754716981132
11	0.07	60.9375	0.07547169811320754
11	0.08	61.90909090909091	0.05188679245283019
11	0.09	62.166666666666664	0.02830188679245283
11	0.1	57.0	0.02830188679245283
11	0.11	49.8	0.02358490566037736
11	0.12	46.0	0.009433962264150943
11	0.13	50.5	0.009433962264150943
11	0.14	17.0	0.014150943396226415
11	0.15	16.5	0.009433962264150943
12	0	39.70048309178744	0.9764150943396226
12	0.01	39.148514851485146	0.9528301886792453
12	0.02	42.853403141361255	0.9009433962264151
12	0.03	48.80263157894737	0.7169811320754716
12	0.04	54.21739130434783	0.5424528301886793
12	0.05	60.645161290322584	0.29245283018867924
12	0.06	61.78125	0.1509433962264151
12	0.07	56.4375	0.07547169811320754
12	0.08	54.9	0.04716981132075472
12	0.09	57.5	0.04716981132075472
12	0.1	65.0	0.03773584905660377
12	0.11	49.625	0.03773584905660377
12	0.12	27.5	0.009433962264150943
12	0.13	59.333333333333336	0.014150943396226415
12	0.14	47.5	0.009433962264150943
12	0.15	61.0	0.014150943396226415
13	0	39.70048309178744	0.9764150943396226
13	0.01	39.34653465346535	0.9528301886792453
13	0.02	42.39247311827957	0.8773584905660378
13	0.03	47.972972972972975	0.6981132075471698
13	0.04	54.3	0.5188679245283019
13	0.05	60.65714285714286	0.330188679245283
13	0.06	53.58620689655172	0.13679245283018868
13	0.07	62.73684210526316	0.08962264150943396
13	0.08	51.0	0.04716981132075472
13	0.09	68.0	0.03773584905660377
13	0.1	44.5	0.02830188679245283
13	0.11	60.5	0.02830188679245283
13	0.12	61.25	0.018867924528301886
13	0.13	38.333333333333336	0.014150943396226415
13	0.14	53.333333333333336	0.014150943396226415
13	0.15	49.75	0.018867924528301886
14	0	39.70048309178744	0.9764150943396226
14	0.01	39.49261083743843	0.9575471698113207
14	0.02	42.59574468085106	0.8867924528301887
14	0.03	49.4635761589404	0.7122641509433962
14	0.04	56.733333333333334	0.49528301886792453
14	0.05	62.26086956521739	0.32547169811320753
14	0.06	61.233333333333334	0.14150943396226415
14	0.07	57.64705882352941	0.08018867924528301
14	0.08	55.53846153846154	0.06132075471698113
14	0.09	59.285714285714285	0.0330188679245283
14	0.1	54.6	0.02358490566037736
14	0.11	50.75	0.018867924528301886
14	0.12	38.8	0.02358490566037736
14	0.13	58.333333333333336	0.014150943396226415
14	0.14	57.0	0.014150943396226415
14	0.15	49.5	0.009433962264150943
15	0	39.70048309178744	0.9764150943396226
15	0.01	39.33497536945813	0.9575471698113207
15	0.02	42.82446808510638	0.8867924528301887
15	0.03	49.51973684210526	0.7169811320754716
15	0.04	54.981651376146786	0.5141509433962265
15	0.05	63.55844155844156	0.3632075471698113
15	0.06	57.90625	0.1509433962264151
15	0.07	57.8421052631579	0.08962264150943396
15	0.08	50.0	0.06132075471698113
15	0.09	50.166666666666664	0.02830188679245283
15	0.1	36.857142857142854	0.0330188679245283
15	0.11	42.0	0.009433962264150943
15	0.12	63.25	0.018867924528301886
15	0.13	34.0	0.014150943396226415
15	0.14	48.0	0.009433962264150943
15	0.15	50.0	0.018867924528301886