Participant_Index	Noise_LOC	Reaction_Time	Accuracy
0	0	39.49519230769231	0.9811320754716981
0	0.01	39.59024390243903	0.9669811320754716
0	0.02	42.89247311827957	0.8773584905660378
0	0.03	49.271523178807946	0.7122641509433962
0	0.04	54.8411214953271	0.5047169811320755
0	0.05	62.225806451612904	0.29245283018867924
0	0.06	59.30434782608695	0.10849056603773585
0	0.07	62.92857142857143	0.0660377358490566
0	0.08	47.36363636363637	0.05188679245283019
0	0.09	32.833333333333336	0.02830188679245283
0	0.1	53.8	0.02358490566037736
0	0.11	61.0	0.02358490566037736
0	0.12	31.0	0.018867924528301886
0	0.13	32.2	0.02358490566037736
0	0.14	16.0	0.0047169811320754715
0	0.15	17.0	0.014150943396226415
1	0	39.49519230769231	0.9811320754716981
1	0.01	39.66341463414634	0.9669811320754716
1	0.02	42.43684210526316	0.8962264150943396
1	0.03	49.15584415584416	0.7264150943396226
1	0.04	55.11009174311926	0.5141509433962265
1	0.05	59.847457627118644	0.2783018867924528
1	0.06	61.46153846153846	0.12264150943396226
1	0.07	58.375	0.07547169811320754
1	0.08	57.84615384615385	0.06132075471698113
1	0.09	72.33333333333333	0.02830188679245283
1	0.1	55.8	0.02358490566037736
1	0.11	56.2	0.02358490566037736
1	0.12	65.0	0.014150943396226415
1	0.13	42.666666666666664	0.014150943396226415
1	0.14	17.0	0.0047169811320754715
1	0.15	59.5	0.009433962264150943
2	0	39.49519230769231	0.9811320754716981
2	0.01	39.259803921568626	0.9622641509433962
2	0.02	42.70680628272251	0.9009433962264151
2	0.03	50.64473684210526	0.7169811320754716
2	0.04	56.54054054054054	0.5235849056603774
2	0.05	59.92982456140351	0.2688679245283019
2	0.06	60.458333333333336	0.11320754716981132
2	0.07	61.214285714285715	0.0660377358490566
2	0.08	53.36363636363637	0.05188679245283019
2	0.09	33.285714285714285	0.0330188679245283
2	0.1	60.0	0.02358490566037736
2	0.11	51.5	0.009433962264150943
2	0.12	34.333333333333336	0.014150943396226415
2	0.13	54.0	0.009433962264150943
2	0.14	56.0	0.009433962264150943
2	0.15	36.333333333333336	0.014150943396226415
3	0	39.49519230769231	0.9811320754716981
3	0.01	39.544117647058826	0.9622641509433962
3	0.02	42.65263157894737	0.8962264150943396
3	0.03	49.36363636363637	0.7264150943396226
3	0.04	54.9537037037037	0.5094339622641509
3	0.05	60.54838709677419	0.29245283018867924
3	0.06	60.5	0.12264150943396226
3	0.07	59.5625	0.07547169811320754
3	0.08	64.27272727272727	0.05188679245283019
3	0.09	56.833333333333336	0.02830188679245283
3	0.1	46.666666666666664	0.014150943396226415
3	0.11	65.25	0.018867924528301886
3	0.12	69.0	0.014150943396226415
3	0.13	48.0	0.009433962264150943
3	0.14	43.333333333333336	0.014150943396226415
3	0.15	54.0	0.009433962264150943
4	0	39.49519230769231	0.9811320754716981
4	0.01	39.81951219512195	0.9669811320754716
4	0.02	42.225130890052355	0.9009433962264151
4	0.03	47.78231292517007	0.6933962264150944
4	0.04	56.369369369369366	0.5235849056603774
4	0.05	60.90625	0.3018867924528302
4	0.06	58.72	0.1179245283018868
4	0.07	60.46666666666667	0.07075471698113207
4	0.08	57.22222222222222	0.04245283018867924
4	0.09	55.875	0.03773584905660377
4	0.1	62.4	0.02358490566037736
4	0.11	67.75	0.018867924528301886
4	0.12	35.0	0.014150943396226415
4	0.13	37.0	0.014150943396226415
4	0.14	31.0	0.0047169811320754715
4	0.15	17.0	0.0047169811320754715
5	0	39.49519230769231	0.9811320754716981
5	0.01	39.74634146341464	0.9669811320754716
5	0.02	42.09947643979058	0.9009433962264151
5	0.03	49.49659863945578	0.6933962264150944
5	0.04	55.25688073394495	0.5141509433962265
5	0.05	61.17741935483871	0.29245283018867924
5	0.06	58.44	0.1179245283018868
5	0.07	62.611111111111114	0.08490566037735849
5	0.08	58.72727272727273	0.05188679245283019
5	0.09	46.57142857142857	0.0330188679245283
5	0.1	41.166666666666664	0.02830188679245283
5	0.11	56.8	0.02358490566037736
5	0.12	40.666666666666664	0.014150943396226415
5	0.13	34.666666666666664	0.014150943396226415
5	0.14	26.0	0.0047169811320754715
5	0.15	43.666666666666664	0.014150943396226415
6	0	39.49519230769231	0.9811320754716981
6	0.01	39.697560975609754	0.9669811320754716
6	0.02	42.069148936170215	0.8867924528301887
6	0.03	49.44	0.7075471698113207
6	0.04	55.04587155963303	0.5141509433962265
6	0.05	63.43283582089552	0.3160377358490566
6	0.06	58.31818181818182	0.10377358490566038
6	0.07	61.5625	0.07547169811320754
6	0.08	60.44444444444444	0.04245283018867924
6	0.09	44.6	0.02358490566037736
6	0.1	42.0	0.018867924528301886
6	0.11	57.0	0.014150943396226415
6	0.12	49.0	0.009433962264150943
6	0.13	18.0	0.009433962264150943
6	0.14	38.666666666666664	0.014150943396226415
6	0.15	56.5	0.009433962264150943
7	0	39.49519230769231	0.9811320754716981
7	0.01	40.04390243902439	0.9669811320754716
7	0.02	42.32105263157895	0.8962264150943396
7	0.03	49.703947368421055	0.7169811320754716
7	0.04	54.27272727272727	0.5188679245283019
7	0.05	62.833333333333336	0.2830188679245283
7	0.06	58.80769230769231	0.12264150943396226
7	0.07	57.46666666666667	0.07075471698113207
7	0.08	57.22222222222222	0.04245283018867924
7	0.09	45.0	0.03773584905660377
7	0.1	59.75	0.018867924528301886
7	0.11	36.333333333333336	0.014150943396226415
7	0.12	19.0	0.0047169811320754715
7	0.13	57.5	0.009433962264150943
7	0.14	44.5	0.009433962264150943
7	0.15	38.333333333333336	0.014150943396226415
8	0	39.49519230769231	0.9811320754716981
8	0.01	39.3921568627451	0.9622641509433962
8	0.02	42.06315789473684	0.8962264150943396
8	0.03	49.1578947368421	0.7169811320754716
8	0.04	54.20754716981132	0.5
8	0.05	61.50819672131148	0.28773584905660377
8	0.06	60.11538461538461	0.12264150943396226
8	0.07	59.0	0.08018867924528301
8	0.08	49.4	0.04716981132075472
8	0.09	64.6	0.02358490566037736
8	0.1	45.25	0.018867924528301886
8	0.11	56.0	0.02358490566037736
8	0.12	58.0	0.009433962264150943
8	0.13	36.666666666666664	0.014150943396226415
8	0.14	34.5	0.018867924528301886
8	0.15	51.5	0.009433962264150943
9	0	39.49519230769231	0.9811320754716981
9	0.01	39.62926829268293	0.9669811320754716
9	0.02	42.386243386243386	0.8915094339622641
9	0.03	48.70860927152318	0.7122641509433962
9	0.04	57.175925925925924	0.5094339622641509
9	0.05	62.403225806451616	0.29245283018867924
9	0.06	58.724137931034484	0.13679245283018868
9	0.07	59.38461538461539	0.06132075471698113
9	0.08	57.5	0.04716981132075472
9	0.09	64.28571428571429	0.0330188679245283
9	0.1	71.0	0.018867924528301886
9	0.11	58.4	0.02358490566037736
9	0.12	43.0	0.014150943396226415
9	0.13	63.0	0.014150943396226415
9	0.14	24.0	0.0047169811320754715
9	0.15	32.666666666666664	0.014150943396226415
10	0	39.49519230769231	0.9811320754716981
10	0.01	39.75121951219512	0.9669811320754716
10	0.02	42.282722513089006	0.9009433962264151
10	0.03	48.57142857142857	0.6933962264150944
10	0.04	57.68807339449541	0.5141509433962265
10	0.05	62.295081967213115	0.28773584905660377
10	0.06	59.73076923076923	0.12264150943396226
10	0.07	57.1875	0.07547169811320754
10	0.08	71.66666666666667	0.05660377358490566
10	0.09	47.714285714285715	0.0330188679245283
10	0.1	70.0	0.02358490566037736
10	0.11	69.66666666666667	0.014150943396226415
10	0.12	50.0	0.009433962264150943
10	0.13	46.5	0.009433962264150943
10	0.14	51.5	0.009433962264150943
10	0.15	57.5	0.009433962264150943
11	0	39.49519230769231	0.9811320754716981
11	0.01	39.31219512195122	0.9669811320754716
11	0.02	42.94179894179894	0.8915094339622641
11	0.03	50.51923076923077	0.7358490566037735
11	0.04	54.27619047619048	0.49528301886792453
11	0.05	60.666666666666664	0.2830188679245283
11	0.06	58.869565217391305	0.10849056603773585
11	0.07	58.0625	0.07547169811320754
11	0.08	58.6	0.04716981132075472
11	0.09	61.0	0.0330188679245283
11	0.1	51.0	0.02358490566037736
11	0.11	45.5	0.009433962264150943
11	0.12	48.0	0.009433962264150943
11	0.13	15.5	0.009433962264150943
11	0.14	39.333333333333336	0.014150943396226415
11	0.15	38.0	0.014150943396226415
12	0	39.49519230769231	0.9811320754716981
12	0.01	39.470588235294116	0.9622641509433962
12	0.02	42.386243386243386	0.8915094339622641
12	0.03	49.1437908496732	0.7216981132075472
12	0.04	55.94230769230769	0.49056603773584906
12	0.05	58.56140350877193	0.2688679245283019
12	0.06	57.96296296296296	0.12735849056603774
12	0.07	50.86666666666667	0.07075471698113207
12	0.08	60.57142857142857	0.0330188679245283
12	0.09	49.8	0.02358490566037736
12	0.1	67.2	0.02358490566037736
12	0.11	19.0	0.0047169811320754715
12	0.12	65.33333333333333	0.014150943396226415
12	0.13	30.8	0.02358490566037736
12	0.14	51.5	0.009433962264150943
12	0.15	20.0	0.0047169811320754715
13	0	39.49519230769231	0.9811320754716981
13	0.01	39.541463414634144	0.9669811320754716
13	0.02	41.921052631578945	0.8962264150943396
13	0.03	50.54140127388535	0.7405660377358491
13	0.04	54.60550458715596	0.5141509433962265
13	0.05	59.967213114754095	0.28773584905660377
13	0.06	59.714285714285715	0.1320754716981132
13	0.07	58.125	0.07547169811320754
13	0.08	54.57142857142857	0.0330188679245283
13	0.09	68.14285714285714	0.0330188679245283
13	0.1	51.666666666666664	0.014150943396226415
13	0.11	60.0	0.014150943396226415
13	0.12	39.666666666666664	0.014150943396226415
13	0.13	54.0	0.009433962264150943
13	0.14	52.5	0.009433962264150943
13	0.15	49.0	0.009433962264150943
14	0	39.49519230769231	0.9811320754716981
14	0.01	39.71219512195122	0.9669811320754716
14	0.02	42.129533678756474	0.910377358490566
14	0.03	50.10126582278481	0.7452830188679245
14	0.04	56.45945945945946	0.5235849056603774
14	0.05	58.70909090909091	0.25943396226415094
14	0.06	56.96296296296296	0.12735849056603774
14	0.07	53.2	0.07075471698113207
14	0.08	63.5	0.04716981132075472
14	0.09	52.142857142857146	0.0330188679245283
14	0.1	49.5	0.018867924528301886
14	0.11	42.8	0.02358490566037736
14	0.12	50.0	0.009433962264150943
14	0.13	48.0	0.009433962264150943
14	0.14	56.0	0.009433962264150943
14	0.15	51.5	0.009433962264150943
15	0	39.49519230769231	0.9811320754716981
15	0.01	39.28431372549019	0.9622641509433962
15	0.02	42.41489361702128	0.8867924528301887
15	0.03	49.16774193548387	0.7311320754716981
15	0.04	56.351851851851855	0.5094339622641509
15	0.05	61.0	0.29245283018867924
15	0.06	58.32	0.1179245283018868
15	0.07	60.142857142857146	0.0660377358490566
15	0.08	54.5	0.03773584905660377
15	0.09	39.375	0.03773584905660377
15	0.1	55.0	0.014150943396226415
15	0.11	53.0	0.009433962264150943
15	0.12	64.33333333333333	0.014150943396226415
15	0.13	36.666666666666664	0.014150943396226415
15	0.14	54.5	0.009433962264150943
15	0.15	15.0	0.009433962264150943