Participant_Index	Noise_LOC	Reaction_Time	Accuracy
0	0	39.70334928229665	0.9858490566037735
0	0.01	40.37864077669903	0.9716981132075472
0	0.02	43.41208791208791	0.8584905660377359
0	0.03	50.58870967741935	0.5849056603773585
0	0.04	57.86153846153846	0.30660377358490565
0	0.05	55.36842105263158	0.08962264150943396
0	0.06	56.416666666666664	0.05660377358490566
0	0.07	60.0	0.02830188679245283
0	0.08	54.333333333333336	0.014150943396226415
0	0.09	56.0	0.009433962264150943
0	0.1	62.333333333333336	0.014150943396226415
0	0.11	17.0	0.0047169811320754715
0	0.12	14.5	0.009433962264150943
0	0.13	21.0	0.0047169811320754715
0	0.14	57.0	0.009433962264150943
0	0.15	57.5	0.009433962264150943
1	0	39.70334928229665	0.9858490566037735
1	0.01	39.61951219512195	0.9669811320754716
1	0.02	44.6243093922652	0.8537735849056604
1	0.03	50.049180327868854	0.5754716981132075
1	0.04	59.91935483870968	0.29245283018867924
1	0.05	57.083333333333336	0.11320754716981132
1	0.06	49.81818181818182	0.05188679245283019
1	0.07	61.666666666666664	0.02830188679245283
1	0.08	49.75	0.018867924528301886
1	0.09	37.666666666666664	0.014150943396226415
1	0.1	38.666666666666664	0.014150943396226415
1	0.11	60.0	0.009433962264150943
1	0.12	32.25	0.018867924528301886
1	0.13	49.0	0.009433962264150943
1	0.14	52.0	0.009433962264150943
1	0.15	52.5	0.009433962264150943
2	0	39.70334928229665	0.9858490566037735
2	0.01	39.74634146341464	0.9669811320754716
2	0.02	44.149171270718234	0.8537735849056604
2	0.03	49.5	0.5849056603773585
2	0.04	57.76923076923077	0.30660377358490565
2	0.05	51.52173913043478	0.10849056603773585
2	0.06	61.666666666666664	0.05660377358490566
2	0.07	52.166666666666664	0.02830188679245283
2	0.08	52.333333333333336	0.014150943396226415
2	0.09	56.333333333333336	0.014150943396226415
2	0.1	55.666666666666664	0.014150943396226415
2	0.11	60.0	0.009433962264150943
2	0.12	33.5	0.018867924528301886
2	0.13	70.66666666666667	0.014150943396226415
2	0.14	13.0	0.0047169811320754715
2	0.15	57.0	0.009433962264150943
3	0	39.70334928229665	0.9858490566037735
3	0.01	40.06341463414634	0.9669811320754716
3	0.02	44.795698924731184	0.8773584905660378
3	0.03	50.87301587301587	0.5943396226415094
3	0.04	56.029411764705884	0.32075471698113206
3	0.05	56.95454545454545	0.10377358490566038
3	0.06	54.36363636363637	0.05188679245283019
3	0.07	64.16666666666667	0.02830188679245283
3	0.08	63.5	0.018867924528301886
3	0.09	29.75	0.018867924528301886
3	0.1	13.5	0.009433962264150943
3	0.11	18.0	0.0047169811320754715
3	0.12	25.0	0.0047169811320754715
3	0.13	16.0	0.014150943396226415
3	0.14	64.0	0.014150943396226415
3	0.15	17.0	0.0047169811320754715
4	0	39.70334928229665	0.9858490566037735
4	0.01	39.921951219512195	0.9669811320754716
4	0.02	44.19444444444444	0.8490566037735849
4	0.03	51.20161290322581	0.5849056603773585
4	0.04	58.13636363636363	0.3113207547169811
4	0.05	55.88461538461539	0.12264150943396226
4	0.06	39.18181818181818	0.05188679245283019
4	0.07	59.42857142857143	0.0330188679245283
4	0.08	60.666666666666664	0.014150943396226415
4	0.09	56.5	0.018867924528301886
4	0.1	47.0	0.009433962264150943
4	0.11	28.333333333333332	0.02830188679245283
4	0.12	51.5	0.009433962264150943
4	0.13	58.5	0.009433962264150943
4	0.14	69.66666666666667	0.014150943396226415
4	0.15	18.0	0.0047169811320754715
5	0	39.70334928229665	0.9858490566037735
5	0.01	39.5219512195122	0.9669811320754716
5	0.02	44.248618784530386	0.8537735849056604
5	0.03	50.52755905511811	0.5990566037735849
5	0.04	56.333333333333336	0.3113207547169811
5	0.05	53.13636363636363	0.10377358490566038
5	0.06	64.27272727272727	0.05188679245283019
5	0.07	49.125	0.03773584905660377
5	0.08	38.0	0.014150943396226415
5	0.09	42.8	0.02358490566037736
5	0.1	38.333333333333336	0.014150943396226415
5	0.11	56.5	0.009433962264150943
5	0.12	15.0	0.0047169811320754715
5	0.13	38.666666666666664	0.014150943396226415
5	0.14	14.5	0.009433962264150943
5	0.15	53.0	0.009433962264150943
6	0	39.70334928229665	0.9858490566037735
6	0.01	39.65853658536585	0.9669811320754716
6	0.02	44.467032967032964	0.8584905660377359
6	0.03	50.358333333333334	0.5660377358490566
6	0.04	58.43283582089552	0.3160377358490566
6	0.05	50.17391304347826	0.10849056603773585
6	0.06	48.583333333333336	0.05660377358490566
6	0.07	38.5	0.03773584905660377
6	0.08	63.75	0.018867924528301886
6	0.09	40.0	0.014150943396226415
6	0.1	56.0	0.009433962264150943
6	0.11	12.5	0.009433962264150943
6	0.12	65.66666666666667	0.014150943396226415
6	0.13	51.5	0.009433962264150943
6	0.14	42.333333333333336	0.014150943396226415
6	0.15	52.0	0.009433962264150943
7	0	39.70334928229665	0.9858490566037735
7	0.01	39.82439024390244	0.9669811320754716
7	0.02	44.06741573033708	0.839622641509434
7	0.03	49.766129032258064	0.5849056603773585
7	0.04	54.86153846153846	0.30660377358490565
7	0.05	56.05	0.09433962264150944
7	0.06	31.0	0.04245283018867924
7	0.07	48.6	0.02358490566037736
7	0.08	56.666666666666664	0.014150943396226415
7	0.09	42.2	0.02358490566037736
7	0.1	36.666666666666664	0.014150943396226415
7	0.11	39.0	0.014150943396226415
7	0.12	57.5	0.009433962264150943
7	0.13	41.333333333333336	0.014150943396226415
7	0.14	50.5	0.009433962264150943
7	0.15	57.0	0.009433962264150943
8	0	39.70334928229665	0.9858490566037735
8	0.01	39.90243902439025	0.9669811320754716
8	0.02	43.775956284153004	0.8632075471698113
8	0.03	50.712	0.589622641509434
8	0.04	59.23880597014925	0.3160377358490566
8	0.05	55.25	0.11320754716981132
8	0.06	53.6	0.04716981132075472
8	0.07	40.857142857142854	0.0330188679245283
8	0.08	47.0	0.018867924528301886
8	0.09	48.5	0.009433962264150943
8	0.1	48.5	0.018867924528301886
8	0.11	18.0	0.009433962264150943
8	0.12	51.5	0.009433962264150943
8	0.13	66.0	0.014150943396226415
8	0.14	57.0	0.009433962264150943
8	0.15	56.0	0.009433962264150943
9	0	39.70334928229665	0.9858490566037735
9	0.01	39.94634146341463	0.9669811320754716
9	0.02	44.50828729281768	0.8537735849056604
9	0.03	50.12698412698413	0.5943396226415094
9	0.04	57.140625	0.3018867924528302
9	0.05	51.22222222222222	0.08490566037735849
9	0.06	59.833333333333336	0.05660377358490566
9	0.07	56.285714285714285	0.0330188679245283
9	0.08	46.0	0.018867924528301886
9	0.09	37.25	0.018867924528301886
9	0.1	35.666666666666664	0.014150943396226415
9	0.11	69.33333333333333	0.014150943396226415
9	0.12	55.0	0.009433962264150943
9	0.13	52.5	0.009433962264150943
9	0.14	26.0	0.0047169811320754715
9	0.15	37.666666666666664	0.014150943396226415
10	0	39.70334928229665	0.9858490566037735
10	0.01	39.66829268292683	0.9669811320754716
10	0.02	44.9	0.8490566037735849
10	0.03	50.75409836065574	0.5754716981132075
10	0.04	60.34285714285714	0.330188679245283
10	0.05	57.72727272727273	0.10377358490566038
10	0.06	57.54545454545455	0.05188679245283019
10	0.07	44.857142857142854	0.0330188679245283
10	0.08	60.5	0.018867924528301886
10	0.09	40.0	0.014150943396226415
10	0.1	63.666666666666664	0.014150943396226415
10	0.11	37.666666666666664	0.014150943396226415
10	0.12	52.0	0.009433962264150943
10	0.13	56.5	0.009433962264150943
10	0.14	38.666666666666664	0.014150943396226415
10	0.15	49.0	0.009433962264150943
11	0	39.70334928229665	0.9858490566037735
11	0.01	39.58536585365854	0.9669811320754716
11	0.02	44.28021978021978	0.8584905660377359
11	0.03	50.333333333333336	0.5801886792452831
11	0.04	59.69230769230769	0.30660377358490565
11	0.05	53.73684210526316	0.08962264150943396
11	0.06	48.0	0.05188679245283019
11	0.07	58.833333333333336	0.02830188679245283
11	0.08	61.25	0.018867924528301886
11	0.09	58.25	0.018867924528301886
11	0.1	54.0	0.009433962264150943
11	0.11	59.5	0.009433962264150943
11	0.12	52.0	0.009433962264150943
11	0.13	55.5	0.009433962264150943
11	0.14	13.0	0.0047169811320754715
11	0.15	21.0	0.0047169811320754715
12	0	39.70334928229665	0.9858490566037735
12	0.01	39.91219512195122	0.9669811320754716
12	0.02	44.0	0.8537735849056604
12	0.03	50.65873015873016	0.5943396226415094
12	0.04	60.46969696969697	0.3113207547169811
12	0.05	58.45	0.09433962264150944
12	0.06	52.90909090909091	0.05188679245283019
12	0.07	45.333333333333336	0.02830188679245283
12	0.08	58.6	0.02358490566037736
12	0.09	45.0	0.009433962264150943
12	0.1	57.5	0.009433962264150943
12	0.11	51.5	0.009433962264150943
12	0.12	57.5	0.009433962264150943
12	0.13	55.5	0.009433962264150943
12	0.14	60.5	0.009433962264150943
12	0.15	16.5	0.009433962264150943
13	0	39.70334928229665	0.9858490566037735
13	0.01	39.858536585365854	0.9669811320754716
13	0.02	44.74585635359116	0.8537735849056604
13	0.03	50.101694915254235	0.5566037735849056
13	0.04	58.738461538461536	0.30660377358490565
13	0.05	53.57142857142857	0.09905660377358491
13	0.06	50.333333333333336	0.04245283018867924
13	0.07	47.714285714285715	0.0330188679245283
13	0.08	33.0	0.018867924528301886
13	0.09	46.0	0.009433962264150943
13	0.1	58.0	0.009433962264150943
13	0.11	17.5	0.009433962264150943
13	0.12	39.333333333333336	0.014150943396226415
13	0.13	38.0	0.014150943396226415
13	0.14	54.0	0.009433962264150943
13	0.15	20.0	0.0047169811320754715
14	0	39.70334928229665	0.9858490566037735
14	0.01	40.082926829268295	0.9669811320754716
14	0.02	44.36312849162011	0.8443396226415094
14	0.03	50.51219512195122	0.5801886792452831
14	0.04	59.43478260869565	0.32547169811320753
14	0.05	58.791666666666664	0.11320754716981132
14	0.06	39.09090909090909	0.05188679245283019
14	0.07	57.833333333333336	0.02830188679245283
14	0.08	50.0	0.009433962264150943
14	0.09	35.0	0.018867924528301886
14	0.1	49.5	0.009433962264150943
14	0.11	54.5	0.009433962264150943
14	0.12	53.25	0.018867924528301886
14	0.13	54.5	0.018867924528301886
14	0.14	53.0	0.009433962264150943
14	0.15	53.0	0.009433962264150943
15	0	39.70334928229665	0.9858490566037735
15	0.01	40.36407766990291	0.9716981132075472
15	0.02	44.868852459016395	0.8632075471698113
15	0.03	50.032	0.589622641509434
15	0.04	58.435483870967744	0.29245283018867924
15	0.05	57.32	0.1179245283018868
15	0.06	62.2	0.04716981132075472
15	0.07	56.625	0.03773584905660377
15	0.08	43.166666666666664	0.02830188679245283
15	0.09	53.0	0.009433962264150943
15	0.1	40.0	0.02358490566037736
15	0.11	66.66666666666667	0.014150943396226415
15	0.12	55.5	0.009433962264150943
15	0.13	48.5	0.009433962264150943
15	0.14	13.0	0.0047169811320754715
15	0.15	43.333333333333336	0.014150943396226415