Participant_Index	Noise_LOC	Reaction_Time	Accuracy
0	0	38.02857142857143	0.9905660377358491
0	0.01	38.27403846153846	0.9811320754716981
0	0.02	40.705882352941174	0.9622641509433962
0	0.03	43.68817204301075	0.8773584905660378
0	0.04	49.54140127388535	0.7405660377358491
0	0.05	53.03252032520325	0.5801886792452831
0	0.06	53.822784810126585	0.37264150943396224
0	0.07	53.833333333333336	0.19811320754716982
0	0.08	56.21739130434783	0.10849056603773585
0	0.09	64.2	0.07075471698113207
0	0.1	52.90909090909091	0.05188679245283019
0	0.11	55.9	0.04716981132075472
0	0.12	69.14285714285714	0.0330188679245283
0	0.13	58.0	0.02358490566037736
0	0.14	57.0	0.018867924528301886
0	0.15	52.6	0.02358490566037736
1	0	38.02857142857143	0.9905660377358491
1	0.01	38.66346153846154	0.9811320754716981
1	0.02	40.59024390243903	0.9669811320754716
1	0.03	44.096256684491976	0.8820754716981132
1	0.04	48.00645161290323	0.7311320754716981
1	0.05	51.886178861788615	0.5801886792452831
1	0.06	53.08108108108108	0.3490566037735849
1	0.07	55.75555555555555	0.21226415094339623
1	0.08	55.608695652173914	0.10849056603773585
1	0.09	49.642857142857146	0.0660377358490566
1	0.1	53.5	0.04716981132075472
1	0.11	51.875	0.03773584905660377
1	0.12	61.142857142857146	0.0330188679245283
1	0.13	61.166666666666664	0.02830188679245283
1	0.14	54.8	0.02358490566037736
1	0.15	47.25	0.018867924528301886
2	0	38.02857142857143	0.9905660377358491
2	0.01	38.44711538461539	0.9811320754716981
2	0.02	40.19607843137255	0.9622641509433962
2	0.03	44.24864864864865	0.8726415094339622
2	0.04	48.47435897435897	0.7358490566037735
2	0.05	51.347457627118644	0.5566037735849056
2	0.06	56.05952380952381	0.39622641509433965
2	0.07	55.93181818181818	0.20754716981132076
2	0.08	55.130434782608695	0.10849056603773585
2	0.09	46.57142857142857	0.0660377358490566
2	0.1	56.72727272727273	0.05188679245283019
2	0.11	48.9	0.04716981132075472
2	0.12	57.142857142857146	0.0330188679245283
2	0.13	34.166666666666664	0.02830188679245283
2	0.14	69.0	0.02358490566037736
2	0.15	40.25	0.018867924528301886
3	0	38.02857142857143	0.9905660377358491
3	0.01	38.63461538461539	0.9811320754716981
3	0.02	40.75	0.9622641509433962
3	0.03	44.04864864864865	0.8726415094339622
3	0.04	48.34615384615385	0.7358490566037735
3	0.05	52.46280991735537	0.5707547169811321
3	0.06	58.06024096385542	0.3915094339622642
3	0.07	52.86363636363637	0.20754716981132076
3	0.08	55.75	0.11320754716981132
3	0.09	47.07692307692308	0.06132075471698113
3	0.1	57.09090909090909	0.05188679245283019
3	0.11	51.77777777777778	0.04245283018867924
3	0.12	51.166666666666664	0.02830188679245283
3	0.13	70.0	0.02830188679245283
3	0.14	65.6	0.02358490566037736
3	0.15	49.75	0.018867924528301886
4	0	38.02857142857143	0.9905660377358491
4	0.01	38.54326923076923	0.9811320754716981
4	0.02	40.51470588235294	0.9622641509433962
4	0.03	44.38709677419355	0.8773584905660378
4	0.04	49.63522012578616	0.75
4	0.05	52.14754098360656	0.5754716981132075
4	0.06	55.48192771084337	0.3915094339622642
4	0.07	53.91304347826087	0.2169811320754717
4	0.08	57.28	0.1179245283018868
4	0.09	56.0625	0.07547169811320754
4	0.1	49.77777777777778	0.04245283018867924
4	0.11	51.8	0.04716981132075472
4	0.12	43.333333333333336	0.02830188679245283
4	0.13	51.0	0.02830188679245283
4	0.14	60.75	0.018867924528301886
4	0.15	63.25	0.018867924528301886
5	0	38.02857142857143	0.9905660377358491
5	0.01	38.72596153846154	0.9811320754716981
5	0.02	40.8	0.9669811320754716
5	0.03	43.96756756756757	0.8726415094339622
5	0.04	48.37179487179487	0.7358490566037735
5	0.05	51.24166666666667	0.5660377358490566
5	0.06	55.8625	0.37735849056603776
5	0.07	56.95454545454545	0.20754716981132076
5	0.08	56.916666666666664	0.11320754716981132
5	0.09	48.6875	0.07547169811320754
5	0.1	56.09090909090909	0.05188679245283019
5	0.11	46.0	0.03773584905660377
5	0.12	63.666666666666664	0.02830188679245283
5	0.13	61.8	0.02358490566037736
5	0.14	56.2	0.02358490566037736
5	0.15	44.42857142857143	0.0330188679245283
6	0	38.02857142857143	0.9905660377358491
6	0.01	38.46634615384615	0.9811320754716981
6	0.02	40.71844660194175	0.9716981132075472
6	0.03	44.52972972972973	0.8726415094339622
6	0.04	48.78481012658228	0.7452830188679245
6	0.05	53.0655737704918	0.5754716981132075
6	0.06	53.72839506172839	0.38207547169811323
6	0.07	54.97674418604651	0.2028301886792453
6	0.08	57.34615384615385	0.12264150943396226
6	0.09	56.785714285714285	0.0660377358490566
6	0.1	51.81818181818182	0.05188679245283019
6	0.11	56.285714285714285	0.0330188679245283
6	0.12	41.285714285714285	0.0330188679245283
6	0.13	64.33333333333333	0.02830188679245283
6	0.14	65.16666666666667	0.02830188679245283
6	0.15	25.6	0.02358490566037736
7	0	38.02857142857143	0.9905660377358491
7	0.01	38.32211538461539	0.9811320754716981
7	0.02	40.28292682926829	0.9669811320754716
7	0.03	44.575268817204304	0.8773584905660378
7	0.04	47.47712418300654	0.7216981132075472
7	0.05	51.743801652892564	0.5707547169811321
7	0.06	56.40243902439025	0.3867924528301887
7	0.07	60.549019607843135	0.24056603773584906
7	0.08	49.875	0.11320754716981132
7	0.09	47.0	0.07075471698113207
7	0.1	53.90909090909091	0.05188679245283019
7	0.11	52.45454545454545	0.05188679245283019
7	0.12	54.0	0.02358490566037736
7	0.13	43.333333333333336	0.02830188679245283
7	0.14	66.0	0.02358490566037736
7	0.15	41.2	0.02358490566037736
8	0	38.02857142857143	0.9905660377358491
8	0.01	38.42307692307692	0.9811320754716981
8	0.02	40.56372549019608	0.9622641509433962
8	0.03	44.564516129032256	0.8773584905660378
8	0.04	49.203821656050955	0.7405660377358491
8	0.05	51.54761904761905	0.5943396226415094
8	0.06	55.0	0.3915094339622642
8	0.07	57.608695652173914	0.2169811320754717
8	0.08	49.24	0.1179245283018868
8	0.09	48.9375	0.07547169811320754
8	0.1	54.18181818181818	0.05188679245283019
8	0.11	50.333333333333336	0.04245283018867924
8	0.12	39.4	0.02358490566037736
8	0.13	52.833333333333336	0.02830188679245283
8	0.14	47.4	0.02358490566037736
8	0.15	50.25	0.018867924528301886
9	0	38.02857142857143	0.9905660377358491
9	0.01	38.45192307692308	0.9811320754716981
9	0.02	40.78048780487805	0.9669811320754716
9	0.03	44.005405405405405	0.8726415094339622
9	0.04	48.51282051282051	0.7358490566037735
9	0.05	51.1900826446281	0.5707547169811321
9	0.06	54.80722891566265	0.3915094339622642
9	0.07	58.21739130434783	0.2169811320754717
9	0.08	55.708333333333336	0.11320754716981132
9	0.09	54.642857142857146	0.0660377358490566
9	0.1	54.5	0.04716981132075472
9	0.11	46.44444444444444	0.04245283018867924
9	0.12	56.714285714285715	0.0330188679245283
9	0.13	43.8	0.02358490566037736
9	0.14	45.5	0.018867924528301886
9	0.15	44.25	0.018867924528301886
10	0	38.02857142857143	0.9905660377358491
10	0.01	38.45673076923077	0.9811320754716981
10	0.02	40.80975609756098	0.9669811320754716
10	0.03	44.50267379679144	0.8820754716981132
10	0.04	47.53896103896104	0.7264150943396226
10	0.05	50.83050847457627	0.5566037735849056
10	0.06	54.7	0.37735849056603776
10	0.07	56.875	0.22641509433962265
10	0.08	54.24	0.1179245283018868
10	0.09	53.53333333333333	0.07075471698113207
10	0.1	43.111111111111114	0.04245283018867924
10	0.11	61.285714285714285	0.0330188679245283
10	0.12	45.125	0.03773584905660377
10	0.13	60.42857142857143	0.0330188679245283
10	0.14	41.8	0.02358490566037736
10	0.15	52.4	0.02358490566037736
11	0	38.02857142857143	0.9905660377358491
11	0.01	38.63461538461539	0.9811320754716981
11	0.02	40.21078431372549	0.9622641509433962
11	0.03	44.263440860215056	0.8773584905660378
11	0.04	48.97402597402598	0.7264150943396226
11	0.05	51.40833333333333	0.5660377358490566
11	0.06	55.063291139240505	0.37264150943396224
11	0.07	55.93181818181818	0.20754716981132076
11	0.08	59.6	0.1179245283018868
11	0.09	47.714285714285715	0.0660377358490566
11	0.1	51.54545454545455	0.05188679245283019
11	0.11	41.142857142857146	0.0330188679245283
11	0.12	56.5	0.02830188679245283
11	0.13	24.0	0.02830188679245283
11	0.14	57.8	0.02358490566037736
11	0.15	32.5	0.018867924528301886
12	0	38.02857142857143	0.9905660377358491
12	0.01	38.35576923076923	0.9811320754716981
12	0.02	40.34313725490196	0.9622641509433962
12	0.03	44.70967741935484	0.8773584905660378
12	0.04	48.40764331210191	0.7405660377358491
12	0.05	51.19491525423729	0.5566037735849056
12	0.06	55.46341463414634	0.3867924528301887
12	0.07	55.65909090909091	0.20754716981132076
12	0.08	48.095238095238095	0.09905660377358491
12	0.09	50.8125	0.07547169811320754
12	0.1	49.36363636363637	0.05188679245283019
12	0.11	48.625	0.03773584905660377
12	0.12	48.833333333333336	0.02830188679245283
12	0.13	57.333333333333336	0.02830188679245283
12	0.14	57.6	0.02358490566037736
12	0.15	57.75	0.018867924528301886
13	0	38.02857142857143	0.9905660377358491
13	0.01	38.38461538461539	0.9811320754716981
13	0.02	40.35294117647059	0.9622641509433962
13	0.03	44.553763440860216	0.8773584905660378
13	0.04	47.94155844155844	0.7264150943396226
13	0.05	51.97520661157025	0.5707547169811321
13	0.06	54.063291139240505	0.37264150943396224
13	0.07	56.5	0.19811320754716982
13	0.08	50.125	0.11320754716981132
13	0.09	49.07142857142857	0.0660377358490566
13	0.1	46.63636363636363	0.05188679245283019
13	0.11	54.888888888888886	0.04245283018867924
13	0.12	33.2	0.02358490566037736
13	0.13	53.666666666666664	0.02830188679245283
13	0.14	44.25	0.018867924528301886
13	0.15	57.8	0.02358490566037736
14	0	38.02857142857143	0.9905660377358491
14	0.01	38.20192307692308	0.9811320754716981
14	0.02	40.55882352941177	0.9622641509433962
14	0.03	44.60215053763441	0.8773584905660378
14	0.04	48.2484076433121	0.7405660377358491
14	0.05	50.275	0.5660377358490566
14	0.06	54.78481012658228	0.37264150943396224
14	0.07	57.5	0.20754716981132076
14	0.08	55.625	0.11320754716981132
14	0.09	47.6	0.07075471698113207
14	0.1	52.72727272727273	0.05188679245283019
14	0.11	59.875	0.03773584905660377
14	0.12	48.166666666666664	0.02830188679245283
14	0.13	53.5	0.02830188679245283
14	0.14	62.8	0.02358490566037736
14	0.15	46.25	0.018867924528301886
15	0	38.02857142857143	0.9905660377358491
15	0.01	38.65865384615385	0.9811320754716981
15	0.02	40.6078431372549	0.9622641509433962
15	0.03	44.08108108108108	0.8726415094339622
15	0.04	47.756410256410255	0.7358490566037735
15	0.05	51.32231404958678	0.5707547169811321
15	0.06	54.9390243902439	0.3867924528301887
15	0.07	56.044444444444444	0.21226415094339623
15	0.08	46.285714285714285	0.09905660377358491
15	0.09	54.64705882352941	0.08018867924528301
15	0.1	53.666666666666664	0.05660377358490566
15	0.11	56.375	0.03773584905660377
15	0.12	53.57142857142857	0.0330188679245283
15	0.13	49.4	0.02358490566037736
15	0.14	39.75	0.018867924528301886
15	0.15	34.666666666666664	0.014150943396226415