Participant_Index	Noise_LOC	Reaction_Time	Accuracy
0	0	40.28502415458937	0.9764150943396226
0	0.01	40.515151515151516	0.9339622641509434
0	0.02	47.11450381679389	0.6179245283018868
0	0.03	51.12765957446808	0.22169811320754718
0	0.04	39.8	0.04716981132075472
0	0.05	62.25	0.018867924528301886
0	0.06	39.6	0.02358490566037736
0	0.07	51.333333333333336	0.014150943396226415
0	0.08	64.2	0.02358490566037736
0	0.09	61.333333333333336	0.014150943396226415
0	0.1	61.25	0.018867924528301886
0	0.11	48.0	0.009433962264150943
0	0.12	43.5	0.009433962264150943
0	0.13	52.0	0.014150943396226415
0	0.14	41.5	0.009433962264150943
0	0.15	41.0	0.009433962264150943
1	0	40.28502415458937	0.9764150943396226
1	0.01	40.688442211055275	0.9386792452830188
1	0.02	47.35658914728682	0.6084905660377359
1	0.03	51.59574468085106	0.22169811320754718
1	0.04	44.84615384615385	0.06132075471698113
1	0.05	45.0	0.0330188679245283
1	0.06	51.4	0.02358490566037736
1	0.07	34.333333333333336	0.014150943396226415
1	0.08	54.666666666666664	0.014150943396226415
1	0.09	58.0	0.014150943396226415
1	0.1	47.75	0.018867924528301886
1	0.11	37.4	0.02358490566037736
1	0.12	46.25	0.018867924528301886
1	0.13	51.4	0.02358490566037736
1	0.14	62.0	0.014150943396226415
1	0.15	62.0	0.018867924528301886
2	0	40.28502415458937	0.9764150943396226
2	0.01	40.925	0.9433962264150944
2	0.02	48.02985074626866	0.6320754716981132
2	0.03	53.666666666666664	0.24056603773584906
2	0.04	48.5	0.0660377358490566
2	0.05	43.57142857142857	0.0330188679245283
2	0.06	54.666666666666664	0.014150943396226415
2	0.07	37.5	0.018867924528301886
2	0.08	54.666666666666664	0.014150943396226415
2	0.09	54.666666666666664	0.014150943396226415
2	0.1	43.5	0.009433962264150943
2	0.11	47.0	0.009433962264150943
2	0.12	48.5	0.009433962264150943
2	0.13	56.0	0.014150943396226415
2	0.14	45.0	0.009433962264150943
2	0.15	41.75	0.018867924528301886
3	0	40.28502415458937	0.9764150943396226
3	0.01	40.44221105527638	0.9386792452830188
3	0.02	48.096296296296295	0.6367924528301887
3	0.03	51.470588235294116	0.24056603773584906
3	0.04	44.5	0.04716981132075472
3	0.05	49.833333333333336	0.02830188679245283
3	0.06	35.666666666666664	0.014150943396226415
3	0.07	56.333333333333336	0.014150943396226415
3	0.08	45.166666666666664	0.02830188679245283
3	0.09	59.666666666666664	0.014150943396226415
3	0.1	57.333333333333336	0.014150943396226415
3	0.11	61.0	0.014150943396226415
3	0.12	36.0	0.014150943396226415
3	0.13	47.75	0.018867924528301886
3	0.14	32.333333333333336	0.014150943396226415
3	0.15	68.0	0.018867924528301886
4	0	40.28502415458937	0.9764150943396226
4	0.01	40.447236180904525	0.9386792452830188
4	0.02	47.265151515151516	0.6226415094339622
4	0.03	54.66	0.2358490566037736
4	0.04	30.545454545454547	0.05188679245283019
4	0.05	50.57142857142857	0.0330188679245283
4	0.06	30.666666666666668	0.02830188679245283
4	0.07	34.666666666666664	0.014150943396226415
4	0.08	39.0	0.014150943396226415
4	0.09	46.75	0.018867924528301886
4	0.1	61.666666666666664	0.014150943396226415
4	0.11	43.75	0.018867924528301886
4	0.12	63.75	0.018867924528301886
4	0.13	57.666666666666664	0.014150943396226415
4	0.14	43.5	0.009433962264150943
4	0.15	61.0	0.018867924528301886
5	0	40.28502415458937	0.9764150943396226
5	0.01	40.14	0.9433962264150944
5	0.02	46.48905109489051	0.6462264150943396
5	0.03	53.38297872340426	0.22169811320754718
5	0.04	50.36363636363637	0.05188679245283019
5	0.05	43.5	0.02830188679245283
5	0.06	65.5	0.018867924528301886
5	0.07	58.0	0.018867924528301886
5	0.08	53.0	0.014150943396226415
5	0.09	64.25	0.018867924528301886
5	0.1	60.0	0.014150943396226415
5	0.11	55.2	0.02358490566037736
5	0.12	56.666666666666664	0.014150943396226415
5	0.13	43.0	0.009433962264150943
5	0.14	52.666666666666664	0.014150943396226415
5	0.15	62.0	0.014150943396226415
6	0	40.28502415458937	0.9764150943396226
6	0.01	40.53266331658291	0.9386792452830188
6	0.02	47.03030303030303	0.6226415094339622
6	0.03	53.57142857142857	0.23113207547169812
6	0.04	54.5625	0.07547169811320754
6	0.05	47.4	0.02358490566037736
6	0.06	48.5	0.018867924528301886
6	0.07	72.5	0.018867924528301886
6	0.08	40.0	0.02358490566037736
6	0.09	59.666666666666664	0.014150943396226415
6	0.1	54.333333333333336	0.014150943396226415
6	0.11	63.333333333333336	0.014150943396226415
6	0.12	54.4	0.02358490566037736
6	0.13	56.333333333333336	0.014150943396226415
6	0.14	33.333333333333336	0.014150943396226415
6	0.15	42.5	0.009433962264150943
7	0	40.28502415458937	0.9764150943396226
7	0.01	40.92964824120603	0.9386792452830188
7	0.02	47.529411764705884	0.6415094339622641
7	0.03	52.46938775510204	0.23113207547169812
7	0.04	47.42857142857143	0.0660377358490566
7	0.05	37.714285714285715	0.0330188679245283
7	0.06	34.0	0.018867924528301886
7	0.07	43.25	0.018867924528301886
7	0.08	46.0	0.018867924528301886
7	0.09	67.5	0.018867924528301886
7	0.1	39.4	0.02358490566037736
7	0.11	65.5	0.018867924528301886
7	0.12	53.6	0.02358490566037736
7	0.13	63.0	0.018867924528301886
7	0.14	60.333333333333336	0.014150943396226415
7	0.15	38.666666666666664	0.014150943396226415
8	0	40.28502415458937	0.9764150943396226
8	0.01	40.688442211055275	0.9386792452830188
8	0.02	47.59848484848485	0.6226415094339622
8	0.03	49.51851851851852	0.25471698113207547
8	0.04	45.642857142857146	0.0660377358490566
8	0.05	32.6	0.02358490566037736
8	0.06	46.25	0.018867924528301886
8	0.07	57.0	0.014150943396226415
8	0.08	45.5	0.018867924528301886
8	0.09	34.666666666666664	0.014150943396226415
8	0.1	45.5	0.018867924528301886
8	0.11	49.5	0.009433962264150943
8	0.12	67.0	0.018867924528301886
8	0.13	47.25	0.018867924528301886
8	0.14	51.0	0.014150943396226415
8	0.15	45.5	0.009433962264150943
9	0	40.28502415458937	0.9764150943396226
9	0.01	40.525252525252526	0.9339622641509434
9	0.02	48.64705882352941	0.6415094339622641
9	0.03	55.285714285714285	0.23113207547169812
9	0.04	55.92307692307692	0.06132075471698113
9	0.05	34.8	0.02358490566037736
9	0.06	60.333333333333336	0.014150943396226415
9	0.07	43.8	0.02358490566037736
9	0.08	51.666666666666664	0.014150943396226415
9	0.09	33.333333333333336	0.014150943396226415
9	0.1	50.666666666666664	0.014150943396226415
9	0.11	48.5	0.018867924528301886
9	0.12	34.0	0.014150943396226415
9	0.13	45.25	0.018867924528301886
9	0.14	42.5	0.009433962264150943
9	0.15	60.333333333333336	0.014150943396226415
10	0	40.28502415458937	0.9764150943396226
10	0.01	40.80597014925373	0.9481132075471698
10	0.02	47.28787878787879	0.6226415094339622
10	0.03	51.775510204081634	0.23113207547169812
10	0.04	51.1	0.04716981132075472
10	0.05	47.57142857142857	0.0330188679245283
10	0.06	53.0	0.018867924528301886
10	0.07	27.75	0.018867924528301886
10	0.08	39.0	0.02358490566037736
10	0.09	61.75	0.018867924528301886
10	0.1	46.5	0.009433962264150943
10	0.11	49.75	0.018867924528301886
10	0.12	69.25	0.018867924528301886
10	0.13	28.75	0.018867924528301886
10	0.14	60.333333333333336	0.014150943396226415
10	0.15	62.75	0.018867924528301886
11	0	40.28502415458937	0.9764150943396226
11	0.01	40.805	0.9433962264150944
11	0.02	46.84090909090909	0.6226415094339622
11	0.03	54.77358490566038	0.25
11	0.04	40.9	0.04716981132075472
11	0.05	32.42857142857143	0.0330188679245283
11	0.06	47.5	0.018867924528301886
11	0.07	31.666666666666668	0.014150943396226415
11	0.08	61.666666666666664	0.014150943396226415
11	0.09	45.75	0.018867924528301886
11	0.1	64.66666666666667	0.014150943396226415
11	0.11	47.5	0.009433962264150943
11	0.12	57.666666666666664	0.014150943396226415
11	0.13	55.333333333333336	0.014150943396226415
11	0.14	57.0	0.014150943396226415
11	0.15	48.75	0.018867924528301886
12	0	40.28502415458937	0.9764150943396226
12	0.01	40.89447236180904	0.9386792452830188
12	0.02	47.05223880597015	0.6320754716981132
12	0.03	54.924528301886795	0.25
12	0.04	55.4	0.07075471698113207
12	0.05	42.833333333333336	0.02830188679245283
12	0.06	56.2	0.02358490566037736
12	0.07	47.8	0.02358490566037736
12	0.08	58.666666666666664	0.014150943396226415
12	0.09	69.5	0.018867924528301886
12	0.1	63.333333333333336	0.014150943396226415
12	0.11	59.333333333333336	0.014150943396226415
12	0.12	59.0	0.014150943396226415
12	0.13	46.75	0.018867924528301886
12	0.14	65.5	0.018867924528301886
12	0.15	44.0	0.018867924528301886
13	0	40.28502415458937	0.9764150943396226
13	0.01	40.445	0.9433962264150944
13	0.02	48.96350364963504	0.6462264150943396
13	0.03	53.0	0.2169811320754717
13	0.04	61.214285714285715	0.0660377358490566
13	0.05	55.142857142857146	0.0330188679245283
13	0.06	55.333333333333336	0.014150943396226415
13	0.07	52.25	0.018867924528301886
13	0.08	67.75	0.018867924528301886
13	0.09	46.0	0.009433962264150943
13	0.1	62.5	0.018867924528301886
13	0.11	42.75	0.018867924528301886
13	0.12	62.0	0.018867924528301886
13	0.13	51.333333333333336	0.014150943396226415
13	0.14	55.0	0.014150943396226415
13	0.15	46.0	0.009433962264150943
14	0	40.28502415458937	0.9764150943396226
14	0.01	40.39	0.9433962264150944
14	0.02	46.421875	0.6037735849056604
14	0.03	51.40816326530612	0.23113207547169812
14	0.04	41.416666666666664	0.05660377358490566
14	0.05	46.0	0.02830188679245283
14	0.06	55.5	0.018867924528301886
14	0.07	59.333333333333336	0.014150943396226415
14	0.08	47.5	0.018867924528301886
14	0.09	44.6	0.02358490566037736
14	0.1	57.0	0.014150943396226415
14	0.11	46.5	0.018867924528301886
14	0.12	54.2	0.02358490566037736
14	0.13	43.5	0.018867924528301886
14	0.14	49.666666666666664	0.014150943396226415
14	0.15	55.0	0.014150943396226415
15	0	40.28502415458937	0.9764150943396226
15	0.01	40.63819095477387	0.9386792452830188
15	0.02	47.666666666666664	0.6367924528301887
15	0.03	49.23913043478261	0.2169811320754717
15	0.04	54.46666666666667	0.07075471698113207
15	0.05	52.0	0.014150943396226415
15	0.06	35.333333333333336	0.014150943396226415
15	0.07	49.75	0.018867924528301886
15	0.08	41.75	0.018867924528301886
15	0.09	50.2	0.02358490566037736
15	0.1	42.75	0.018867924528301886
15	0.11	35.333333333333336	0.014150943396226415
15	0.12	66.75	0.018867924528301886
15	0.13	45.0	0.009433962264150943
15	0.14	56.666666666666664	0.014150943396226415
15	0.15	64.0	0.018867924528301886